22
6
300.0
5551200500153223125512
2243413221500243303043
2554535102100411055535
4523151553020342443143
4325142053041244250324
2305245450402531423043
3522505424435441313005
5013201440335515111422
5301001045035314001104
3422540511204225311124
0131044432045402025113
5042013134005204253204
0545031142355513033154
4241402313051222211334
0123330245222432313031
1512505415030204012123
3301302041353430335325
2011411432225251340040
0425152415142254403410
2421055110413422411234
3550421430435512502332
4100505302411321244014