BFS
20
20
0000000002000000000000000002000200000000
0000020000000000000000000000000000000000
0000000000000000000000000000000000000000
0000000000000200000000020000000000000000
0000000000000000000000000000000000000000
0000000000000000020000000000000000000000
0000000000000000000000000000000000000000
0000000000000000000000020000000000000000
0200000000000200000000020002000000000000
0000000000000000000000000000000200000000
0000000000000000000000000000000000000002
0000000000000000000000000000000000000000
0000020000000000000000000000000000000200
0000000000000000000000000000000002000002
0000000200000000000200000002000000020000
0000000000000000000002000000000002020000
0000000200000000000000000000000000000000
0000020000000000000000000000000000000000
0200000000020202000000000000000000000000
0000000000000000000000000000000000000000