7382;
6,4,10;
21,3,38;
45,4,62;
51,3,87;
99,3,170;
69,3,118;
31,4,45;
51,3,90;
18,4,27;
77,4,107;
87,4,125;
65,4,93;
9,3,14;
64,4,89;
68,4,98;
22,3,40;
79,4,110;
98,4,140;
17,3,31;
50,4,69;
14,4,21;
56,4,78;
28,3,47;
65,4,93;
79,3,135;
45,3,76;
59,3,101;
7,3,11;
1,3,0;
73,3,125;
69,3,121;
25,4,34;
39,3,69;
75,4,108;
70,3,120;
28,4,41;
13,4,20;
44,4,61;
38,3,64;
34,4,50;
32,4,44;
48,4,66;
58,3,99;
71,3,121;
75,4,108;
80,3,137;
67,4,96;
54,4,75;
72,4,100;
72,4,103;
70,3,120;
76,4,109;
55,3,97;
51,3,90;
34,4,47;
2,4,4;
5,3,7;
85,4,119;
6,4,7;
13,4,17;
36,4,49;
75,4,105;
14,3,26;
64,3,109;
67,3,118;
5,3,10;
10,3,19;
58,4,81;
73,3,125;
75,3,128;
46,4,64;
47,3,83;
99,4,142;
64,3,109;
69,4,96;
55,3,97;
81,4,116;
76,4,109;
15,3,27;
38,3,64;
65,3,114;
75,3,131;
70,4,100;
19,3,34;
78,4,112;
87,4,125;
97,3,167;
87,4,125;
9,4,11;
40,3,68;
64,3,112;
26,4,35;
43,3,73;
50,3,85;
49,4,68;
97,4,136;
24,4,32;
96,4,137;
48,4,69;
58,3,99;
44,3,75;
65,4,93;
5,3,7;
35,3,59;
100,4,143;
71,3,124;
77,3,135;
82,4,117;
49,3,86;
73,3,125;
4,3,5;
78,3,134;
9,4,14;
50,3,85;
12,3,19;
94,4,131;
53,4,73;
13,3,21;
75,4,105;
86,3,147;
25,4,37;
26,4,38;
68,4,98;
76,3,133;
26,4,35;
29,3,52;
19,3,31;
26,4,35;
81,4,116;
74,3,127;
44,3,78;
21,4,31;
69,4,99;
28,4,38;
55,4,79;
87,3,149;
36,4,49;
84,4,120;
15,4,20;
77,3,132;
54,3,95;
97,3,167;
87,3,152;
58,3,102;
73,4,102;
100,3,172;
84,3,144;
52,3,89;
53,4,76;
6,4,7;
50,3,88;
16,3,26;
54,3,92;
78,3,134;
52,4,72;
7,4,8;
33,4,48;
69,3,121;
38,4,52;
62,4,89;
82,4,117;
77,4,107;
46,4,67;
97,3,167;
98,3,171;
23,4,34;
73,4,102;
81,3,142;
99,4,139;
90,3,154;
76,4,106;
74,3,127;
83,3,142;
18,4,24;
59,4,82;
14,4,21;
57,4,79;
97,3,170;
24,4,32;
9,3,17;
68,3,116;
46,4,64;
1,4,3;
75,3,131;
90,3,157;
95,4,133;
21,3,38;
14,3,23;
70,4,100;
16,3,26;
13,4,20;
43,4,59;
76,3,130;
18,3,33;
78,3,137;
78,4,109;
14,3,26;
71,4,102;
19,4,25;
17,3,28;
49,3,83;
15,4,20;
29,4,40;
79,3,138;
21,3,38;
62,4,89;
88,4,126;
71,4,99;
16,3,29;
5,4,9;
83,4,119;
75,3,128;
74,3,127;
10,3,16;
28,4,41;
72,3,126;
20,4,27;
72,3,123;
70,4,100;
54,4,75;
80,3,137;
10,3,19;
72,4,100;
44,3,78;
33,4,45;
14,3,23;
10,4,16;
2,4,4;
78,4,109;
52,3,92;
46,4,67;
97,4,139;
36,3,64;
51,3,90;
51,3,87;
46,4,64;
42,4,61;
16,3,26;
32,4,47;
57,3,97;
30,4,44;
45,3,79;
9,4,11;
18,3,33;
30,3,50;
86,3,147;
99,3,170;
80,4,115;
55,3,97;
9,4,14;
87,4,122;
53,4,73;
66,4,95;
100,4,143;
4,3,8;
12,4,18;
13,4,17;
30,3,53;
16,4,21;
91,3,159;
94,4,131;
96,4,134;
37,4,54;
64,3,109;
32,3,57;
67,4,93;
72,4,100;
92,3,161;
25,3,42;
88,3,151;
70,4,100;
10,3,16;
35,3,62;
80,4,115;
46,3,78;
82,3,144;
7,4,8;
25,4,37;
24,3,43;
49,3,86;
79,4,110;
68,3,119;
31,3,52;
56,4,81;
94,4,134;
35,4,48;
97,3,170;
63,4,91;
99,4,139;
68,4,98;
36,3,61;
18,3,30;
70,3,123;
79,4,110;
64,4,89;
5,3,7;
81,3,142;
55,4,76;
17,3,28;
51,4,74;
90,3,154;
93,3,160;
31,3,55;
42,4,58;
94,4,131;
83,4,119;
73,3,125;
30,3,50;
46,4,64;
11,3,18;
58,4,84;
6,3,12;
41,4,56;
70,3,120;
35,4,48;
89,3,156;
36,3,61;
38,3,67;
35,4,48;
40,4,55;
13,3,24;
8,4,13;
61,3,104;
3,3,4;
1,3,3;
61,3,107;
72,3,123;
99,3,170;
68,4,95;
33,3,59;
14,3,23;
91,3,159;
79,4,110;
80,4,115;
7,4,11;
88,4,126;
57,4,82;
27,4,37;
21,4,28;
9,3,17;
6,4,10;
1,3,3;
7,3,11;
65,3,114;
95,4,133;
47,3,80;
75,3,128;
66,4,92;
65,4,90;
32,3,54;
11,3,18;
92,4,129;
54,4,75;
53,3,93;
30,3,50;
97,4,136;
64,4,92;
4,3,5;
79,4,113;
24,4,35;
6,3,12;
4,3,5;
82,3,141;
29,3,52;
98,4,137;
58,4,84;
2,4,4;
60,4,83;
20,4,27;
28,3,50;
48,3,85;
43,4,62;
87,3,152;
83,3,145;
56,3,98;
37,4,54;
60,3,105;
69,3,121;
46,4,67;
44,3,78;
74,3,127;
85,4,119;
16,4,21;
94,4,131;
47,3,80;
28,4,41;
15,3,27;
26,3,44;
30,4,41;
3,3,4;
100,3,172;
90,3,157;
38,4,55;
19,4,25;
36,4,52;
96,4,134;
15,3,27;
74,3,130;
47,3,83;
100,4,143;
54,3,92;
75,4,108;
67,3,115;
93,3,160;
80,3,137;
50,4,69;
40,3,68;
7,4,11;
59,4,82;
43,3,76;
76,4,109;
52,3,92;
95,3,163;
24,4,32;
94,4,134;
10,3,19;
38,3,64;
84,4,117;
46,3,78;
79,3,138;
14,4,21;
49,3,86;
17,4,26;
56,3,98;
31,3,52;
93,3,163;
52,4,75;
82,3,144;
4,3,8;
97,4,136;
81,3,142;
3,3,7;
50,3,88;
76,3,133;
3,4,3;
30,3,50;
15,3,24;
62,3,106;
39,4,57;
70,3,123;
75,3,131;
13,3,24;
84,3,144;
100,3,175;
59,4,85;
65,4,90;
3,3,4;
34,3,57;
84,4,117;
79,4,113;
88,4,123;
82,4,114;
44,4,64;
5,3,7;
38,3,67;
67,3,118;
12,4,18;
95,4,133;
86,4,120;
72,3,126;
50,4,72;
29,4,43;
69,4,99;
83,4,116;
17,4,26;
14,3,23;
42,4,58;
39,3,69;
26,4,35;
29,3,49;
36,4,49;
50,4,69;
63,3,108;
48,3,85;
76,3,130;
64,4,92;
45,4,62;
72,3,123;
43,3,76;
73,3,128;
51,3,90;
16,4,24;
28,3,50;
87,3,149;
63,4,88;
89,3,153;
38,3,64;
43,3,73;
15,3,24;
50,3,85;
4,3,8;
85,3,146;
47,4,65;
4,4,4;
28,3,50;
59,3,101;
94,3,164;
100,3,172;
5,3,10;
55,4,79;
8,4,13;
99,4,139;
80,4,112;
60,4,83;
56,3,98;
3,3,7;
5,3,10;
5,4,6;
96,4,134;
67,4,96;
3,4,3;
1,4,0;
53,4,73;
60,4,86;
41,3,70;
47,3,83;
15,3,27;
31,4,45;
28,3,47;
6,3,12;
8,4,13;
9,4,14;
42,4,58;
70,3,120;
51,4,71;
25,4,37;
43,3,73;
53,4,76;
95,4,133;
17,3,28;
36,4,49;
98,3,171;
34,4,47;
61,4,88;
63,4,91;
7,4,11;
66,3,113;
1,3,3;
19,4,25;
18,4,24;
10,4,16;
47,4,68;
61,3,107;
14,4,18;
44,3,75;
71,3,121;
29,3,49;
38,4,52;
53,4,73;
73,4,105;
5,4,6;
95,3,166;
8,4,10;
48,3,85;
11,3,21;
8,3,12;
10,4,13;
54,4,78;
92,3,158;
12,4,15;
19,4,25;
97,4,136;
14,4,21;
66,3,116;
97,4,136;
66,3,113;
58,4,84;
5,4,9;
34,3,57;
94,3,161;
5,4,9;
12,3,19;
53,4,76;
39,3,69;
50,3,85;
91,4,130;
84,3,144;
76,3,133;
22,3,37;
45,3,79;
48,4,66;
52,3,92;
52,4,72;
85,4,119;
56,3,98;
71,3,124;
47,3,80;
19,4,28;
34,4,50;
73,3,128;
33,3,56;
86,4,123;
62,4,86;
16,4,21;
57,4,82;
34,3,57;
1,3,3;
7,4,8;
64,3,109;
68,3,119;
28,3,50;
38,4,52;
61,3,104;
75,3,128;
36,4,52;
23,3,41;
66,3,113;
6,3,12;
56,3,95;
32,3,57;
67,4,96;
52,4,72;
76,4,106;
7,3,14;
9,4,11;
2,3,5;
17,4,23;
98,4,140;
24,3,43;
57,3,100;
95,3,163;
66,3,116;
78,3,137;
44,3,75;
66,3,116;
58,3,99;
97,3,167;
44,4,61;
95,4,136;
64,4,89;
53,4,76;
21,3,38;
2,3,5;
29,3,52;
25,4,37;
25,4,34;
89,3,156;
61,3,104;
71,3,121;
69,3,118;
23,3,38;
77,4,110;
8,3,12;
85,3,149;
30,4,41;
68,3,116;
87,3,152;
49,3,83;
42,4,58;
7,4,8;
31,4,45;
78,4,112;
32,3,57;
67,4,96;
97,4,139;
72,3,126;
1,4,3;
71,3,124;
3,3,4;
94,3,161;
68,4,98;
86,4,123;
82,3,141;
20,4,27;
62,4,89;
51,4,74;
53,4,73;
68,4,95;
31,3,55;
71,4,99;
70,3,120;
83,3,145;
92,3,158;
86,3,150;
31,4,42;
60,4,83;
49,4,71;
70,3,120;
38,4,55;
49,4,71;
74,4,103;
30,4,44;
58,4,84;
37,3,63;
22,3,37;
83,4,116;
80,3,140;
88,4,123;
11,3,21;
48,4,69;
22,4,33;
55,4,79;
3,4,6;
70,3,123;
42,3,74;
81,4,116;
86,4,123;
70,4,97;
44,4,61;
52,4,72;
98,3,171;
23,3,41;
85,3,149;
3,4,3;
94,3,161;
22,4,33;
33,3,59;
27,4,40;
34,4,47;
74,4,103;
89,3,156;
83,4,116;
95,4,133;
75,4,108;
17,4,23;
30,4,41;
15,4,20;
80,3,140;
96,4,137;
45,3,76;
45,4,62;
31,4,45;
53,3,93;
78,3,137;
13,3,24;
73,3,125;
17,4,26;
14,4,21;
85,4,119;
93,3,163;
45,3,76;
35,3,62;
24,4,35;
44,4,61;
22,4,30;
15,4,23;
57,4,79;
68,4,98;
87,4,125;
68,4,98;
99,3,173;
38,3,64;
97,4,139;
48,3,82;
11,3,21;
12,3,19;
95,3,163;
71,3,121;
40,4,58;
45,3,76;
34,4,50;
67,3,115;
42,3,74;
17,3,28;
32,4,47;
37,4,54;
58,4,81;
31,3,52;
61,4,85;
59,3,104;
56,4,78;
31,3,52;
86,4,123;
11,3,21;
18,3,30;
54,4,75;
91,3,159;
67,3,118;
60,4,83;
64,4,92;
93,3,163;
49,4,68;
60,4,83;
82,4,117;
28,3,47;
32,3,57;
23,4,34;
98,4,140;
36,4,49;
58,4,81;
11,3,18;
12,3,22;
21,4,31;
88,3,151;
32,3,54;
7,4,11;
67,3,118;
87,4,125;
29,4,43;
92,3,158;
2,4,4;
86,3,150;
74,3,127;
19,3,34;
81,3,142;
50,3,88;
44,4,61;
24,3,43;
21,3,35;
42,4,61;
74,3,127;
44,4,64;
9,4,11;
23,3,41;
13,3,24;
47,3,83;
84,3,147;
56,3,95;
24,4,35;
89,3,153;
48,3,82;
5,3,10;
87,4,125;
23,4,34;
20,3,36;
26,4,38;
25,3,45;
78,3,134;
94,3,161;
74,4,106;
81,3,142;
93,4,133;
91,3,156;
37,3,66;
55,4,76;
11,3,18;
88,3,154;
68,4,95;
29,4,40;
32,4,44;
1,3,3;
42,3,74;
38,3,67;
96,3,168;
42,3,74;
48,3,82;
64,4,92;
55,4,76;
43,3,73;
93,4,133;
27,3,45;
75,4,105;
55,3,97;
20,3,36;
81,3,139;
63,4,88;
75,4,108;
78,3,134;
47,3,80;
94,3,164;
63,3,108;
43,4,62;
7,4,8;
70,4,97;
77,3,132;
73,3,128;
59,4,82;
82,4,114;
57,4,82;
70,4,100;
20,4,30;
93,3,160;
46,3,78;
88,3,154;
24,4,32;
38,4,55;
17,3,31;
33,4,45;
42,3,74;
81,3,139;
85,3,146;
64,3,112;
98,3,168;
83,4,116;
72,3,126;
28,3,47;
96,3,165;
69,3,121;
17,4,23;
93,3,160;
1,4,0;
4,4,4;
20,3,36;
56,4,78;
36,3,64;
37,3,66;
97,4,136;
15,3,27;
73,4,102;
86,4,123;
5,4,9;
14,3,26;
85,4,119;
5,4,6;
59,4,85;
32,4,47;
7,3,14;
65,3,111;
51,3,87;
84,4,117;
36,4,52;
91,3,159;
83,3,142;
86,4,123;
94,4,131;
27,3,45;
90,3,154;
65,4,93;
39,4,54;
96,3,168;
81,4,113;
83,3,145;
84,4,117;
44,4,61;
68,3,119;
33,3,59;
33,3,56;
38,3,67;
3,4,3;
48,4,66;
26,3,44;
56,4,78;
56,4,81;
33,3,59;
55,4,79;
74,4,106;
38,4,52;
6,4,10;
66,3,113;
49,3,86;
18,4,24;
79,3,138;
52,4,75;
77,3,135;
80,4,112;
44,4,61;
97,3,167;
99,4,142;
43,3,76;
22,3,40;
45,4,62;
27,3,48;
71,3,124;
32,3,54;
40,4,58;
10,3,16;
57,4,82;
58,4,84;
24,4,32;
72,3,126;
38,4,55;
56,3,98;
29,4,43;
74,4,103;
22,3,37;
90,3,154;
16,3,26;
60,4,86;
2,4,1;
82,4,114;
83,4,119;
30,3,50;
61,4,85;
61,3,104;
79,4,110;
54,3,92;
43,4,62;
77,4,110;
5,3,7;
58,4,81;
14,3,23;
91,4,130;
67,4,93;
16,4,21;
20,4,30;
21,4,28;
18,4,24;
70,4,100;
36,4,52;
38,3,67;
28,3,50;
84,3,147;
22,3,40;
76,4,106;
16,3,26;
85,3,149;
52,4,72;
84,4,117;
95,3,166;
83,3,145;
31,4,42;
55,4,79;
46,3,78;
18,3,33;
90,4,126;
7,4,11;
64,3,109;
45,3,76;
21,3,35;
26,4,38;
27,3,45;
6,3,12;
78,4,112;
80,3,137;
91,3,159;
2,4,4;
44,4,61;
97,4,136;
38,3,67;
27,3,45;
62,3,109;
7,3,14;
62,4,86;
5,4,6;
72,4,103;
29,3,49;
57,4,79;
66,3,116;
13,3,21;
30,3,53;
16,4,21;
95,3,163;
75,3,131;
25,3,42;
3,3,7;
99,4,142;
92,3,161;
90,3,157;
95,3,163;
46,3,78;
40,4,55;
37,3,66;
66,4,92;
94,4,131;
11,4,14;
41,4,59;
42,3,71;
86,3,150;
29,4,43;
12,4,18;
81,3,139;
82,4,117;
94,3,161;
82,4,114;
70,3,123;
61,4,85;
39,3,66;
96,3,165;
57,4,82;
57,4,79;
98,4,140;
44,4,61;
81,3,142;
69,3,121;
93,4,133;
58,4,81;
5,3,10;
43,3,73;
89,3,153;
10,3,16;
16,3,29;
87,4,125;
71,4,99;
29,4,43;
91,4,127;
37,3,63;
99,3,173;
54,3,92;
18,3,30;
33,4,45;
1,3,0;
17,3,28;
40,3,68;
2,4,4;
56,4,78;
95,4,133;
37,3,63;
82,4,114;
93,3,163;
18,4,24;
99,3,170;
58,4,84;
47,3,83;
99,3,170;
66,4,92;
49,3,83;
53,4,73;
78,3,137;
46,3,78;
80,4,115;
25,4,37;
49,3,86;
19,3,34;
79,3,135;
86,4,123;
85,4,122;
12,3,22;
10,4,16;
27,3,45;
67,3,118;
49,3,86;
28,4,38;
61,4,85;
65,4,93;
28,4,41;
24,4,32;
50,4,69;
47,3,80;
25,4,34;
92,4,132;
7,4,11;
39,4,54;
29,4,43;
80,4,112;
21,4,31;
66,3,116;
71,4,99;
84,3,147;
7,3,14;
70,4,100;
18,4,27;
12,4,15;
13,4,17;
94,3,161;
96,3,165;
5,3,7;
68,3,119;
68,3,116;
53,3,93;
38,3,67;
83,3,145;
3,4,3;
2,4,1;
36,4,52;
47,4,65;
98,3,168;
12,3,19;
80,4,115;
29,3,52;
79,3,138;
43,3,73;
16,4,21;
77,3,135;
85,3,146;
30,3,53;
40,3,71;
12,3,22;
89,3,153;
55,3,97;
14,4,21;
5,3,7;
56,3,98;
37,4,51;
71,4,102;
41,4,59;
57,4,82;
38,4,55;
7,3,11;
100,3,172;
27,3,45;
81,3,139;
95,3,163;
71,4,99;
27,3,45;
76,4,109;
41,3,73;
33,4,48;
87,4,122;
84,4,117;
44,4,61;
31,3,52;
61,4,88;
77,4,107;
17,3,31;
33,4,45;
40,4,58;
71,3,124;
50,3,85;
52,4,72;
34,4,47;
26,4,38;
98,3,171;
20,4,27;
78,4,112;
54,3,92;
81,3,142;
100,4,140;
29,4,43;
34,4,47;
8,3,12;
69,4,99;
64,3,112;
56,4,78;
93,3,163;
76,3,133;
4,4,4;
51,4,71;
25,3,42;
17,4,26;
23,4,31;
77,3,132;
56,3,98;
69,3,121;
53,3,90;
49,3,86;
51,3,90;
1,4,0;
40,4,58;
55,3,94;
68,3,119;
8,4,13;
1,4,3;
10,3,19;
75,4,108;
52,3,92;
24,3,40;
42,3,71;
71,3,121;
30,3,53;
70,4,100;
12,4,18;
33,3,59;
48,4,69;
18,4,27;
99,3,173;
81,4,116;
90,4,126;
84,4,120;
50,4,72;
37,3,66;
52,4,72;
20,3,36;
62,3,106;
56,4,81;
36,3,61;
11,3,21;
39,4,54;
98,4,140;
95,4,133;
63,4,91;
81,3,139;
14,4,21;
15,3,24;
63,4,88;
4,4,7;
43,4,62;
56,3,98;
15,4,23;
28,3,47;
49,4,68;
59,3,104;
48,3,82;
50,4,69;
25,4,37;
33,4,45;
83,3,142;
15,3,24;
73,4,102;
42,3,74;
55,3,94;
40,3,68;
29,4,40;
32,3,57;
90,4,126;
46,3,78;
71,3,124;
92,3,158;
15,4,23;
55,4,79;
93,4,130;
54,3,95;
45,3,76;
41,3,70;
12,4,18;
88,3,151;
54,4,78;
1,4,3;
90,4,126;
54,3,92;
80,3,140;
28,3,47;
50,3,88;
91,4,130;
15,3,27;
50,4,72;
21,4,28;
16,3,29;
16,4,24;
26,3,44;
97,3,167;
98,4,137;
57,3,97;
90,3,154;
61,4,88;
31,3,52;
6,3,9;
46,4,67;
23,4,34;
57,4,79;
15,3,27;
66,4,95;
86,3,147;
50,4,72;
83,4,116;
22,4,33;
36,3,61;
95,3,163;
51,3,90;
62,4,86;
55,4,76;
67,4,93;
16,3,26;
14,4,18;
73,4,105;
86,3,147;
9,3,14;
38,3,67;
40,3,71;
51,3,90;
54,3,95;
72,3,126;
26,4,35;
77,4,110;
67,4,96;
37,3,66;
76,4,109;
57,4,79;
89,4,124;
44,4,64;
9,4,14;
27,4,37;
28,3,47;
54,4,78;
45,3,76;
51,4,74;
89,3,153;
40,4,58;
57,4,79;
68,4,95;
16,4,21;
2,4,1;
80,3,137;
18,4,27;
5,3,10;
39,3,69;
80,3,140;
78,3,137;
59,3,101;
30,4,41;
51,4,71;
83,3,142;
60,4,86;
54,4,78;
40,3,68;
76,4,106;
47,4,68;
50,4,72;
33,3,56;
64,3,112;
51,4,74;
97,4,139;
4,3,5;
25,4,37;
56,4,78;
16,4,24;
32,4,47;
37,3,63;
80,4,112;
74,4,106;
53,4,76;
68,3,116;
59,3,104;
44,3,78;
71,3,121;
18,3,33;
78,4,109;
43,3,76;
63,4,91;
20,4,30;
79,4,113;
84,4,120;
67,4,93;
47,3,80;
81,4,113;
23,3,38;
14,4,18;
8,3,12;
99,3,170;
41,4,59;
54,4,78;
39,3,69;
40,3,68;
56,4,78;
42,3,71;
7,4,11;
51,3,87;
8,3,15;
59,4,85;
42,3,71;
20,4,27;
34,4,50;
69,3,118;
68,3,119;
10,4,13;
2,3,2;
71,4,99;
20,3,33;
41,4,56;
72,3,126;
8,4,10;
90,3,154;
22,3,40;
45,3,79;
22,3,40;
70,4,97;
44,3,75;
71,3,121;
13,4,17;
21,3,35;
84,3,144;
29,4,40;
78,4,109;
88,3,154;
26,4,35;
30,4,44;
7,3,11;
86,3,147;
89,3,156;
10,3,19;
88,3,151;
94,3,164;
58,3,99;
72,3,123;
26,4,35;
48,4,66;
38,3,67;
28,3,47;
97,3,170;
41,4,56;
59,3,104;
86,3,147;
43,4,62;
14,4,21;
87,3,149;
74,4,106;
45,4,62;
83,4,119;
36,4,49;
95,4,133;
72,4,100;
100,4,143;
34,3,60;
100,4,143;
80,3,140;
96,3,168;
42,4,61;
98,3,171;
31,4,42;
50,4,69;
91,3,156;
1,3,3;
54,4,78;
56,3,95;
18,3,33;
79,3,138;
83,3,145;
10,3,19;
28,4,38;
55,3,94;
29,3,49;
15,4,20;
79,4,113;
58,4,81;
58,4,84;
16,4,21;
63,4,88;
48,4,66;
24,3,40;
61,4,85;
34,4,47;
86,3,147;
33,4,48;
79,3,138;
66,3,116;
64,4,92;
92,4,129;
70,4,100;
63,3,108;
80,3,137;
63,3,108;
14,3,26;
36,3,64;
27,4,37;
17,4,23;
52,4,72;
11,3,18;
30,3,50;
76,4,106;
3,3,4;
40,3,71;
7,3,11;
18,4,27;
57,3,97;
6,4,10;
16,3,26;
65,3,111;
75,4,108;
100,3,172;
44,3,78;
35,4,51;
14,3,26;
66,3,113;
71,4,102;
42,3,74;
50,3,85;
34,3,60;
1,3,0;
48,3,85;
82,4,114;
32,4,47;
40,3,68;
31,4,45;
98,4,137;
40,3,68;
69,4,96;
99,3,173;
47,3,80;
51,4,74;
37,4,54;
47,3,80;
84,3,144;
16,4,24;
39,3,69;
25,3,45;
68,3,119;
36,3,61;
70,3,120;
76,4,106;
36,4,49;
99,4,139;
58,3,99;
41,4,56;
18,4,24;
82,3,141;
76,3,130;
71,4,102;
53,4,73;
91,4,130;
46,3,78;
94,4,134;
46,3,78;
7,3,14;
43,4,59;
88,3,154;
100,3,175;
26,3,44;
93,4,133;
14,3,23;
40,4,58;
65,4,90;
3,3,4;
20,4,30;
9,3,17;
88,4,123;
70,4,100;
62,4,86;
81,4,113;
92,3,161;
7,3,14;
30,4,44;
13,4,17;
57,3,97;
53,4,73;
1,4,0;
8,3,15;
50,3,88;
11,4,17;
85,4,119;
40,4,55;
59,3,104;
27,3,48;
56,3,95;
26,3,44;
90,4,129;
39,3,69;
78,3,134;
78,4,109;
14,4,18;
23,4,34;
55,4,79;
70,4,100;
46,4,64;
28,3,47;
90,3,154;
100,3,175;
67,4,96;
74,3,130;
29,3,49;
18,4,24;
14,4,21;
54,3,95;
8,4,10;
45,3,79;
64,3,109;
65,3,111;
57,3,97;
22,4,33;
91,4,127;
47,4,65;
10,3,19;
80,4,115;
85,3,149;
37,4,54;
54,3,92;
100,4,143;
95,3,166;
24,4,32;
62,4,86;
65,4,90;
41,4,56;
2,4,1;
45,4,65;
15,3,24;
81,4,113;
97,3,170;
29,3,49;
43,4,59;
21,4,28;
63,4,88;
42,3,74;
63,4,91;
23,3,38;
91,4,127;
77,3,132;
43,4,59;
77,3,135;
43,3,73;
19,4,28;
1,3,0;
96,3,165;
14,4,18;
78,4,109;
91,3,159;
48,3,82;
46,3,81;
94,4,131;
28,3,47;
99,4,139;
1,4,0;
25,4,37;
38,4,55;
61,4,85;
25,3,42;
16,3,26;
9,4,11;
38,4,52;
35,3,59;
8,3,15;
12,4,15;
76,4,109;
29,4,40;
46,4,64;
63,3,111;
66,3,113;
19,3,31;
64,4,92;
87,3,149;
64,4,89;
67,3,115;
77,3,135;
34,3,60;
50,4,72;
39,3,66;
55,4,76;
31,4,42;
91,3,156;
97,4,136;
69,3,121;
5,3,7;
38,4,52;
16,4,21;
56,3,95;
25,3,45;
80,3,137;
20,3,36;
84,4,120;
77,3,135;
73,3,125;
22,3,37;
75,4,105;
44,3,78;
6,4,10;
52,4,75;
18,3,30;
29,3,49;
99,3,173;
25,4,37;
56,3,98;
39,3,66;
36,3,64;
62,4,89;
6,3,9;
43,3,76;
1,4,3;
84,4,120;
21,3,35;
79,4,113;
3,3,7;
88,3,151;
82,3,141;
82,4,114;
70,3,123;
97,3,167;
99,4,142;
65,3,111;
76,4,109;
93,3,160;
45,4,65;
51,3,87;
1,4,0;
84,3,147;
97,3,167;
16,3,29;
94,3,164;
82,3,144;
81,4,113;
34,3,60;
39,3,69;
97,4,136;
33,4,48;
17,4,26;
34,3,57;
90,4,129;
74,3,127;
99,4,139;
78,4,109;
43,4,59;
73,3,125;
33,3,56;
96,4,137;
57,4,79;
6,4,7;
18,3,30;
73,4,105;
23,4,31;
58,4,81;
58,4,84;
84,4,120;
76,3,130;
100,3,175;
23,4,34;
24,4,32;
63,4,91;
65,3,111;
12,3,19;
53,4,73;
53,3,90;
82,3,141;
8,4,13;
47,4,65;
100,3,175;
95,3,166;
2,4,4;
76,3,130;
69,3,118;
59,4,82;
69,3,118;
23,4,34;
65,3,114;
89,4,127;
85,3,149;
89,4,127;
69,3,118;
84,3,147;
64,4,89;
60,4,83;
21,3,38;
74,3,130;
40,3,68;
21,4,28;
42,3,74;
99,4,142;
85,4,119;
19,3,31;
98,4,137;
43,4,59;
48,4,66;
10,3,19;
43,4,59;
55,3,97;
71,4,102;
13,4,20;
68,3,119;
100,4,140;
18,3,30;
47,4,68;
37,4,51;
2,3,2;
81,3,139;
18,3,33;
43,4,59;
41,3,73;
70,3,123;
34,3,57;
84,4,117;
96,3,168;
8,4,10;
43,3,73;
70,4,100;
61,4,85;
93,3,163;
6,3,12;
100,3,172;
17,4,23;
52,4,72;
25,3,45;
97,3,170;
80,3,137;
47,4,68;
81,3,139;
69,4,96;
34,4,50;
86,3,150;
85,4,119;
13,3,21;
43,3,73;
31,3,52;
49,4,71;
71,3,121;
49,3,86;
33,4,45;
75,3,131;
40,4,58;
96,4,137;
36,3,64;
24,4,35;
42,3,71;
99,3,173;
30,3,50;
5,3,10;
86,3,147;
33,3,59;
10,4,13;
51,3,90;
53,4,76;
10,3,19;
60,4,86;
22,3,40;
50,4,72;
80,4,115;
24,3,43;
35,4,51;
24,3,43;
12,4,18;
75,3,131;
35,4,48;
21,3,38;
94,3,164;
81,3,142;
62,3,106;
8,3,12;
16,4,24;
19,4,28;
4,3,8;
93,3,160;
19,3,34;
57,3,100;
55,4,79;
23,3,38;
38,4,55;
72,3,123;
42,3,71;
36,4,52;
32,4,44;
89,3,156;
94,3,164;
85,4,122;
16,3,26;
31,4,45;
69,4,96;
78,4,109;
81,4,113;
93,3,163;
49,3,83;
51,4,71;
60,4,86;
91,3,156;
94,3,164;
29,4,40;
50,4,69;
13,4,20;
67,4,93;
64,3,109;
10,4,16;
54,4,78;
30,4,44;
70,4,97;
29,4,40;
69,4,96;
74,3,127;
70,4,97;
93,3,163;
22,3,40;
65,4,90;
60,4,83;
78,3,134;
12,3,22;
76,4,106;
63,3,108;
4,4,4;
7,4,8;
8,4,10;
12,4,18;
64,3,109;
9,4,14;
32,4,47;
36,4,49;
13,3,21;
86,4,120;
99,4,139;
27,4,40;
3,4,6;
1,3,0;
71,3,121;
16,4,21;
11,4,17;
65,4,90;
94,3,164;
26,3,44;
3,3,4;
96,3,168;
49,3,86;
96,4,137;
71,3,124;
55,3,97;
64,3,109;
62,3,106;
88,3,151;
37,4,54;
78,4,112;
78,4,109;
96,3,165;
50,4,69;
2,3,2;
29,4,43;
99,3,170;
84,3,147;
14,4,18;
20,3,36;
32,4,47;
40,3,71;
83,3,145;
88,3,151;
72,4,100;
3,3,7;
67,4,93;
98,3,168;
48,4,69;
68,3,116;
82,4,114;
75,4,105;
10,4,16;
32,4,44;
69,3,121;
13,4,20;
69,3,121;
90,4,129;
38,3,64;
9,4,14;
15,3,24;
76,3,133;
23,4,34;
75,4,105;
61,4,85;
42,3,74;
15,3,27;
68,4,98;
75,4,105;
20,3,33;
81,4,116;
74,4,106;
71,3,124;
98,3,168;
52,3,89;
84,3,144;
35,3,62;
47,3,80;
43,4,59;
79,3,138;
60,3,105;
14,4,21;
29,4,40;
83,3,142;
24,3,40;
68,3,119;
33,3,59;
7,4,8;
77,3,132;
13,3,24;
15,4,23;
90,4,126;
55,4,79;
28,4,41;
99,3,170;
72,3,123;
12,4,18;
11,3,18;
53,3,93;
20,3,33;
84,4,120;
50,4,72;
44,4,61;
61,4,88;
7,4,11;
20,3,36;
16,3,29;
33,3,59;
38,4,55;
83,3,145;
67,4,96;
40,3,71;
87,3,152;
48,4,69;
96,4,137;
55,4,76;
74,3,130;
87,3,152;
48,3,85;
2,3,2;
32,4,47;
96,4,134;
76,4,106;
98,4,137;
49,4,71;
24,4,32;
92,3,161;
7,3,11;
41,3,73;
72,3,123;
25,4,34;
22,3,37;
93,4,133;
85,4,122;
80,3,137;
86,4,120;
54,3,95;
66,3,116;
62,3,109;
92,4,132;
50,3,85;
68,4,98;
22,3,37;
10,4,16;
92,3,161;
65,3,114;
5,3,10;
93,3,160;
81,4,116;
10,4,13;
17,4,23;
46,3,81;
63,4,91;
52,3,92;
87,3,149;
77,4,110;
25,3,42;
19,4,25;
70,3,120;
5,4,6;
74,3,127;
60,4,86;
92,3,158;
29,4,43;
30,3,53;
32,4,44;
78,4,112;
74,4,106;
94,4,131;
45,3,76;
90,4,126;
91,3,156;
44,4,61;
61,4,88;
30,3,50;
84,4,117;
11,3,18;
13,4,20;
28,4,41;
6,3,9;
19,4,25;
95,4,136;
90,3,157;
37,4,54;
24,4,32;
59,3,104;
68,4,98;
79,3,138;
29,3,52;
42,3,71;
26,4,35;
56,4,81;
57,3,100;
50,4,72;
60,3,102;
71,3,121;
66,3,113;
39,4,54;
87,4,125;
33,3,59;
15,4,20;
97,4,139;
19,3,34;
80,4,112;
31,3,55;
60,3,105;
89,4,127;
21,4,28;
23,4,31;
6,3,9;
27,3,45;
98,4,140;
73,3,128;
100,4,140;
35,3,59;
49,4,68;
39,3,69;
53,3,93;
72,3,126;
84,4,117;
49,3,83;
74,4,106;
39,4,54;
70,4,100;
98,4,137;
69,3,118;
26,4,35;
81,4,113;
83,3,142;
62,4,86;
76,3,133;
39,4,54;
23,3,38;
91,3,156;
38,4,55;
63,3,108;
3,4,3;
80,3,140;
47,3,80;
57,3,97;
96,4,134;
43,3,73;
69,4,96;
68,3,116;
60,3,105;
3,4,6;
3,4,6;
27,3,48;
32,3,54;
88,3,151;
92,4,129;
53,4,73;
70,3,120;
43,4,59;
18,4,24;
84,4,120;
37,3,66;
50,3,88;
60,4,83;
85,3,146;
67,4,96;
54,4,75;
56,4,78;
32,3,57;
22,3,40;
24,3,40;
65,3,114;
10,4,16;
60,3,102;
99,3,173;
14,3,23;
78,4,109;
29,3,49;
78,4,109;
82,3,144;
77,3,135;
46,4,67;
96,4,137;
23,4,34;
20,3,33;
68,3,116;
16,3,26;
63,3,111;
13,4,20;
65,3,111;
62,3,106;
37,3,66;
18,3,30;
65,4,90;
22,4,33;
84,3,144;
27,4,40;
100,4,143;
63,4,88;
12,4,18;
17,3,31;
45,3,79;
85,3,146;
18,3,30;
58,3,99;
85,4,119;
64,4,92;
74,4,106;
47,4,68;
58,4,81;
33,4,45;
17,3,31;
32,4,47;
91,4,127;
60,3,102;
69,4,99;
89,3,156;
95,4,133;
55,3,97;
55,4,79;
66,4,92;
43,3,76;
86,3,147;
12,3,22;
96,4,134;
61,3,104;
19,3,34;
49,3,83;
95,4,133;
14,4,21;
94,3,161;
94,4,131;
17,4,26;
16,3,29;
11,3,18;
11,3,18;
76,4,106;
67,3,115;
81,3,142;
14,4,21;
86,3,150;
100,4,140;
83,4,119;
59,3,104;
4,4,7;
17,4,26;
71,4,102;
83,3,142;
75,4,108;
62,3,109;
14,3,26;
78,4,112;
25,3,45;
50,4,72;
28,4,41;
32,4,47;
24,3,40;
67,4,93;
8,4,13;
10,3,19;
34,4,50;
40,4,58;
30,3,53;
84,4,120;
33,3,56;
44,4,64;
19,3,31;
11,4,17;
29,3,52;
3,4,6;
79,3,135;
69,4,99;
8,3,15;
10,4,13;
58,3,102;
51,4,74;
10,3,19;
12,3,19;
27,4,37;
41,4,59;
83,4,119;
47,4,68;
44,4,64;
49,3,83;
49,4,71;
28,3,50;
77,4,107;
36,3,61;
80,3,137;
2,3,2;
24,4,35;
75,4,105;
81,4,116;
95,3,166;
20,4,30;
81,3,139;
43,4,59;
86,4,120;
85,3,146;
52,3,92;
54,3,92;
11,3,21;
91,4,130;
66,4,92;
64,3,112;
44,4,61;
76,3,133;
42,3,71;
23,3,38;
45,3,79;
42,4,58;
98,3,171;
48,4,69;
60,3,105;
100,4,140;
30,4,41;
61,4,88;
2,3,5;
34,4,47;
79,4,113;
67,4,93;
2,4,4;
98,3,171;
8,3,12;
97,3,167;
16,3,29;
92,4,132;
23,3,38;
51,4,71;
77,4,110;
82,3,141;
48,3,82;
6,3,9;
33,4,45;
39,4,57;
24,3,40;
59,4,85;
2,4,4;
73,4,102;
33,4,48;
67,4,93;
14,3,26;
86,3,150;
65,3,114;
28,3,50;
60,4,83;
7,3,11;
93,3,163;
59,3,104;
28,4,38;
83,3,142;
72,3,123;
54,3,92;
18,3,33;
37,4,54;
27,3,45;
33,3,56;
33,4,48;
46,3,81;
59,3,101;
44,3,75;
74,4,103;
96,3,165;
51,4,71;
2,4,4;
82,4,114;
36,3,61;
57,3,100;
90,4,126;
25,3,42;
7,4,11;
84,4,117;
82,4,114;
73,3,125;
34,3,60;
2,3,2;
35,3,62;
81,3,139;
38,3,67;
11,4,14;
90,3,154;
2,3,2;
89,3,156;
9,3,17;
13,4,17;
89,3,153;
56,3,98;
9,3,14;
74,4,103;
49,4,71;
17,4,26;
79,4,110;
89,4,124;
96,3,168;
25,3,45;
26,4,38;
20,4,27;
51,4,74;
13,4,17;
68,4,95;
39,3,69;
27,4,40;
15,3,24;
43,4,62;
75,4,108;
7,4,8;
98,4,137;
13,4,20;
23,4,34;
82,3,141;
78,3,134;
22,3,40;
42,4,58;
37,3,63;
81,3,142;
75,3,128;
23,4,31;
18,4,27;
59,4,82;
74,3,130;
12,3,22;
78,4,112;
85,4,119;
1,3,0;
31,4,42;
25,3,42;
50,4,72;
23,4,34;
5,4,6;
25,4,34;
63,3,108;
9,4,11;
68,4,98;
68,3,119;
92,3,158;
11,3,21;
44,3,75;
60,4,86;
35,4,51;
8,4,10;
30,3,50;
72,4,100;
92,4,132;
58,3,102;
39,3,66;
70,4,97;
19,3,34;
42,4,58;
37,3,63;
39,3,69;
6,3,9;
8,3,12;
31,3,55;
45,4,65;
73,4,105;
66,4,92;
98,3,171;
36,4,49;
32,4,44;
62,4,86;
54,3,95;
100,3,172;
100,4,140;
29,3,52;
54,3,95;
8,4,10;
54,4,75;
100,4,140;
79,3,138;
52,4,72;
52,3,89;
50,4,69;
16,4,21;
78,3,134;
1,4,0;
48,3,82;
4,3,5;
83,3,145;
52,4,75;
41,3,70;
29,4,43;
94,4,134;
27,4,37;
10,4,16;
61,4,85;
94,3,161;
82,4,114;
54,4,78;
29,4,43;
20,4,27;
55,3,94;
54,4,75;
35,3,62;
58,4,84;
35,4,51;
26,3,44;
62,3,109;
40,4,55;
95,4,133;
4,3,5;
9,3,14;
46,3,81;
43,3,73;
86,3,150;
80,4,112;
8,3,15;
21,4,31;
29,3,52;
84,3,144;
62,3,109;
19,4,25;
85,3,149;
74,3,130;
16,3,26;
7,3,11;
61,4,85;
82,3,141;
47,4,65;
62,4,86;
67,3,115;
1,3,0;
53,3,90;
53,3,90;
96,4,134;
17,3,31;
33,3,59;
41,4,59;
81,4,116;
17,4,23;
80,3,137;
65,4,93;
98,3,171;
65,3,114;
72,3,123;
61,4,88;
27,4,37;
42,4,61;
69,4,99;
85,3,149;
77,3,135;
80,4,115;
5,4,6;
3,3,7;
19,4,28;
73,4,102;
93,3,160;
21,4,31;
70,3,120;
12,4,18;
89,4,124;
2,4,4;
15,3,24;
92,3,158;
26,4,35;
88,3,154;
90,4,129;
25,4,34;
7,3,11;
53,3,90;
77,3,135;
45,3,76;
97,3,170;
51,4,74;
80,4,112;
39,4,57;
33,4,45;
36,3,61;
26,3,47;
94,3,161;
73,3,125;
1,4,0;
22,4,33;
5,3,7;
81,3,139;
80,3,140;
37,4,54;
79,4,110;
20,3,36;
35,4,51;
85,3,149;
48,3,85;
97,4,136;
1,4,0;
57,3,100;
9,4,14;
63,4,88;
31,3,55;
73,3,125;
54,3,92;
93,4,130;
61,4,85;
84,4,120;
42,4,61;
6,4,7;
46,4,67;
38,4,55;
87,4,125;
31,4,42;
97,3,167;
56,4,78;
12,4,18;
55,3,97;
1,3,0;
24,3,43;
53,4,76;
75,3,131;
49,4,71;
87,4,125;
87,3,152;
45,4,65;
76,4,106;
70,3,120;
22,3,37;
87,3,149;
66,4,95;
11,4,14;
25,3,42;
13,3,24;
28,3,50;
14,3,26;
40,4,55;
63,3,108;
24,3,43;
94,3,161;
47,3,80;
84,4,117;
65,3,114;
39,4,54;
11,4,17;
12,4,15;
26,4,38;
59,3,104;
50,4,72;
17,3,31;
98,4,137;
12,4,18;
50,3,85;
61,3,107;
15,4,23;
71,3,124;
55,4,76;
64,3,112;
15,3,24;
98,3,168;
27,3,48;
59,4,85;
99,4,142;
35,4,48;
65,4,90;
30,4,41;
45,3,79;
32,4,44;
53,4,73;
23,4,34;
31,4,42;
86,3,147;
3,3,7;
48,4,66;
88,4,123;
45,3,79;
87,3,149;
70,3,120;
68,4,95;
16,4,21;
26,3,47;
20,3,33;
87,3,152;
58,3,99;
85,4,122;
98,3,168;
26,3,47;
61,3,107;
33,3,59;
56,4,78;
16,3,29;
54,3,92;
54,4,78;
38,3,64;
71,3,121;
57,4,82;
50,4,69;
45,4,62;
73,4,102;
89,3,153;
15,3,24;
94,4,134;
41,3,73;
9,4,14;
25,4,37;
15,3,24;
55,3,94;
40,4,55;
88,3,154;
49,4,68;
59,4,82;
74,4,103;
61,3,107;
18,4,24;
84,4,120;
76,3,133;
50,3,88;
33,4,45;
68,3,119;
11,3,18;
43,4,62;
17,3,28;
95,4,133;
23,4,31;
19,3,31;
21,4,31;
24,4,32;
96,4,137;
84,3,144;
72,3,126;
3,3,7;
19,4,25;
6,3,9;
47,4,65;
37,4,51;
62,3,109;
49,4,71;
61,3,107;
18,4,24;
27,4,40;
48,3,85;
18,3,33;
42,3,74;
37,4,54;
74,4,106;
85,3,146;
18,4,24;
36,3,64;
30,4,44;
77,4,110;
33,3,59;
68,3,116;
25,4,34;
3,3,7;
35,3,62;
30,3,53;
64,3,109;
22,4,33;
11,3,21;
84,3,147;
40,4,55;
34,4,47;
55,3,97;
75,4,108;
64,3,109;
1,3,3;
31,3,55;
52,4,72;
41,4,59;
23,4,34;
56,4,78;
29,3,52;
13,4,17;
94,3,164;
36,4,49;
48,4,66;
10,4,13;
92,3,161;
25,4,34;
33,4,45;
68,4,95;
88,3,154;
10,3,19;
49,4,71;
3,3,4;
74,3,130;
95,3,166;
76,4,106;
79,3,138;
43,4,59;
2,4,4;
15,3,24;
32,3,57;
55,4,79;
42,3,74;
10,3,16;
64,3,109;
28,4,38;
40,4,58;
4,3,5;
31,4,45;
79,3,135;
92,3,161;
82,3,141;
57,4,82;
33,4,48;
25,4,37;
72,4,100;
3,4,3;
10,3,16;
25,3,42;
13,3,24;
91,4,130;
14,3,23;
6,3,12;
4,3,5;
44,4,61;
67,4,96;
81,3,139;
78,4,109;
67,4,93;
78,3,134;
31,3,52;
85,3,149;
37,4,54;
75,4,108;
46,4,64;
45,3,76;
75,4,105;
99,3,170;
83,4,119;
43,4,62;
88,3,154;
93,3,163;
82,3,141;
90,4,126;
90,4,129;
93,4,133;
69,4,99;
47,3,83;
67,4,96;
53,3,93;
83,3,145;
13,4,17;
72,3,123;
77,3,132;
2,3,2;
80,3,137;
71,3,124;
11,4,14;
23,3,38;
26,3,47;
15,3,27;
39,4,57;
7,3,14;
57,3,97;
52,4,75;
8,4,10;
72,3,126;
87,3,149;
46,3,78;
38,3,64;
12,3,19;
85,3,149;
52,3,89;
93,4,130;
6,3,9;
5,4,9;
67,4,93;
9,4,14;
18,3,30;
44,3,78;
15,3,24;
76,4,106;
51,4,74;
25,3,42;
39,4,54;
93,3,160;
44,4,61;
40,3,71;
48,4,66;
90,4,129;
90,3,154;
43,4,62;
45,3,76;
96,4,137;
52,4,72;
16,4,24;
25,4,34;
78,3,137;
24,4,35;
12,4,15;
81,3,142;
97,3,167;
12,3,22;
10,3,16;
98,4,140;
21,4,31;
16,3,26;
20,3,36;
86,3,147;
19,3,34;
7,3,14;
29,3,52;
92,4,132;
11,3,18;
73,4,105;
97,4,139;
64,4,89;
70,4,100;
8,4,10;
60,4,83;
42,3,74;
99,4,139;
49,3,86;
97,3,167;
22,3,40;
60,3,105;
63,4,91;
56,3,95;
16,3,26;
8,3,15;
95,4,136;
85,3,149;
98,3,168;
64,3,109;
19,3,34;
55,4,76;
66,4,95;
47,3,83;
91,3,156;
60,3,102;
79,4,110;
81,3,142;
91,4,130;
19,3,34;
39,4,54;
22,3,37;
43,4,62;
46,4,64;
39,4,57;
21,3,38;
72,4,100;
47,4,68;
63,3,108;
78,4,112;
57,3,97;
43,4,62;
81,4,116;
52,3,89;
77,3,135;
75,4,108;
62,4,89;
52,3,89;
82,3,144;
36,3,61;
22,4,30;
78,4,109;
89,4,124;
38,3,64;
36,3,64;
69,3,121;
7,4,8;
13,4,17;
69,4,99;
62,4,89;
84,3,144;
50,3,88;
26,4,38;
5,3,7;
13,3,21;
20,3,36;
2,3,5;
63,3,111;
3,4,6;
2,3,5;
95,4,136;
25,3,45;
15,4,20;
71,4,99;
7,4,11;
52,3,92;
67,4,96;
74,4,106;
95,3,163;
39,3,69;
4,3,8;
62,4,89;
10,4,16;
34,4,47;
37,3,66;
50,4,72;
70,3,120;
57,3,97;
94,4,134;
88,4,126;
80,3,140;
68,3,116;
83,3,142;
43,4,62;
22,3,40;
60,3,105;
78,3,137;
89,4,127;
15,4,20;
29,4,43;
94,4,131;
38,4,55;
93,3,160;
53,4,73;
36,3,61;
96,3,168;
17,3,31;
38,4,55;
70,4,100;
41,3,70;
30,3,50;
4,4,4;
55,3,97;
15,4,20;
65,4,90;
54,4,78;
90,3,154;
87,3,152;
4,3,8;
73,3,125;
23,4,31;
46,3,78;
33,3,59;
87,4,125;
23,4,34;
19,4,28;
8,4,10;
65,3,114;
7,3,11;
45,3,79;
11,4,17;
18,3,30;
51,3,87;
66,3,116;
64,3,112;
62,4,89;
67,3,115;
26,4,35;
25,4,34;
84,3,144;
70,4,100;
86,3,147;
36,4,49;
51,3,90;
83,4,116;
16,4,24;
56,3,98;
33,4,48;
11,3,18;
64,3,109;
16,3,26;
23,4,31;
92,3,158;
19,3,31;
1,4,3;
29,3,52;
58,3,102;
52,4,75;
3,4,6;
16,3,29;
44,4,61;
76,3,130;
74,3,130;
64,3,109;
22,3,40;
18,3,33;
99,4,142;
93,3,160;
79,4,113;
88,3,151;
21,4,31;
37,3,63;
50,4,69;
16,4,24;
79,4,110;
33,4,45;
74,4,106;
51,3,87;
49,4,71;
27,4,37;
63,4,88;
88,3,151;
22,3,40;
65,4,90;
80,3,137;
61,3,104;
1,3,3;
49,3,86;
52,3,92;
9,4,11;
90,3,154;
12,3,22;
42,4,58;
36,4,49;
28,3,50;
1,3,3;
66,3,113;
54,3,92;
36,4,52;
6,4,10;
89,4,127;
40,4,58;
77,3,132;
60,3,102;
60,3,105;
91,3,156;
19,3,34;
28,4,38;
87,4,125;
78,4,112;
97,3,167;
80,4,115;
47,4,68;
72,3,123;
2,3,5;
15,4,23;
17,4,23;
67,4,96;
73,4,102;
99,4,139;
49,3,83;
93,4,130;
68,4,95;
37,3,63;
73,3,128;
97,3,170;
30,3,53;
36,3,61;
47,3,80;
72,3,126;
29,4,43;
93,3,163;
11,3,21;
89,3,156;
44,3,78;
59,3,101;
58,3,99;
34,3,57;
100,4,140;
62,3,109;
33,3,59;
33,4,45;
99,4,142;
2,3,2;
92,3,158;
27,3,48;
31,4,42;
10,3,16;
49,3,86;
55,4,76;
87,3,149;
12,4,18;
42,4,58;
4,4,7;
16,3,26;
22,4,30;
56,3,98;
58,3,99;
96,4,137;
41,4,59;
18,3,30;
16,4,24;
52,3,92;
74,4,103;
10,4,13;
25,3,45;
43,4,59;
53,4,76;
88,3,151;
7,3,14;
70,3,123;
58,3,102;
24,3,40;
51,3,87;
42,4,58;
41,4,56;
31,3,55;
25,3,42;
62,4,86;
70,3,120;
21,4,31;
52,4,75;
55,4,79;
13,3,21;
17,4,26;
91,4,127;
31,3,55;
13,4,20;
5,3,7;
71,3,124;
69,3,118;
57,4,79;
98,3,171;
5,4,6;
65,4,90;
36,4,52;
99,3,173;
30,4,41;
5,4,9;
21,4,31;
81,4,116;
18,4,24;
23,3,41;
33,4,45;
39,3,66;
84,4,120;
73,4,105;
98,3,168;
68,3,116;
90,3,157;
56,3,95;
20,3,33;
43,3,76;
26,4,38;
44,3,78;
35,4,48;
21,3,35;
12,4,18;
22,4,33;
29,3,49;
33,3,56;
42,3,74;
78,3,134;
59,3,104;
85,3,149;
90,4,129;
49,3,83;
100,3,175;
61,3,104;
65,3,114;
90,3,154;
70,4,100;
40,4,55;
61,4,88;
14,4,18;
61,4,85;
23,3,41;
7,3,14;
56,3,95;
79,4,113;
89,3,153;
61,3,107;
4,3,5;
76,4,109;
17,4,23;
78,4,109;
49,3,83;
27,3,48;
11,4,17;
81,3,139;
18,4,27;
56,3,95;
49,3,83;
56,4,78;
49,3,83;
79,4,113;
41,4,56;
55,3,94;
18,4,27;
56,4,78;
92,4,132;
93,3,163;
30,4,41;
32,3,54;
16,3,29;
4,3,5;
86,4,120;
42,4,61;
16,3,29;
42,3,71;
75,3,131;
8,3,12;
13,3,21;
91,4,127;
77,3,135;
12,3,22;
37,3,66;
75,4,108;
93,3,160;
64,4,89;
60,4,83;
7,3,11;
32,3,54;
11,3,21;
7,3,11;
66,4,92;
88,3,151;
94,3,164;
25,3,45;
85,3,149;
50,3,88;
95,4,136;
5,4,9;
14,4,18;
7,3,11;
63,3,111;
35,4,48;
53,4,76;
72,4,100;
100,4,140;
12,4,15;
18,4,27;
44,3,75;
22,4,33;
80,4,112;
92,3,158;
2,4,1;
50,3,85;
29,4,40;
6,4,7;
80,4,115;
95,4,136;
39,3,69;
82,4,114;
11,4,17;
90,4,129;
49,3,83;
4,4,4;
26,3,44;
5,4,6;
68,4,95;
100,4,143;
9,4,14;
92,4,129;
15,4,20;
76,3,133;
24,3,43;
73,3,128;
87,3,149;
66,3,113;
37,3,63;
1,4,3;
68,4,98;
9,4,14;
29,4,40;
81,3,139;
78,4,109;
60,3,105;
42,4,58;
46,4,64;
50,4,72;
33,3,59;
99,3,170;
64,3,112;
68,3,119;
36,4,52;
16,4,24;
29,4,43;
19,3,31;
50,4,69;
99,3,170;
4,4,7;
72,3,123;
9,3,14;
73,4,102;
94,3,164;
93,4,130;
83,4,119;
80,3,140;
98,4,140;
66,4,95;
87,4,125;
30,4,41;
21,4,28;
97,3,167;
12,3,22;
78,4,109;
87,4,125;
67,4,93;
92,4,132;
84,3,147;
26,4,35;
20,3,36;
57,3,97;
12,3,19;
4,3,5;
82,3,141;
81,4,113;
93,4,133;
4,4,4;
94,3,164;
17,3,31;
68,4,98;
93,4,130;
26,4,35;
57,4,82;
10,4,13;
70,3,120;
74,4,106;
91,4,130;
41,4,59;
100,4,143;
90,3,154;
53,3,90;
60,3,105;
96,4,134;
31,4,42;
8,3,15;
21,4,28;
84,3,147;
37,3,66;
99,3,170;
4,4,4;
35,4,51;
50,4,69;
16,3,26;
80,3,140;
54,3,92;
61,4,85;
10,3,19;
98,3,168;
2,4,4;
76,4,109;
1,3,0;
42,3,71;
26,4,35;
29,3,49;
8,3,15;
86,4,123;
43,3,73;
55,3,97;
20,3,33;
26,4,38;
68,3,119;
84,4,120;
21,4,28;
29,4,43;
84,4,120;
26,4,35;
90,3,154;
45,3,79;
18,3,33;
80,4,115;
7,4,11;
98,3,168;
63,4,88;
77,3,135;
51,4,71;
45,3,79;
74,3,127;
62,3,106;
8,3,15;
28,3,50;
91,3,156;
6,4,10;
66,3,116;
10,3,16;
76,4,106;
63,4,91;
21,3,35;
84,4,117;
14,3,26;
77,4,110;
59,3,101;
91,4,130;
81,3,139;
67,4,96;
93,4,130;
81,3,139;
82,3,141;
87,3,152;
61,4,88;
63,3,111;
74,4,103;
83,4,116;
7,3,11;
29,3,49;
30,3,50;
89,4,124;
97,3,167;
39,4,57;
8,3,12;
68,3,116;
89,4,127;
14,4,21;
91,4,127;
5,3,10;
99,3,170;
81,4,113;
99,4,139;
93,3,160;
18,4,24;
50,4,72;
99,4,139;
47,4,68;
96,4,137;
4,4,7;
30,4,41;
60,4,83;
85,3,149;
77,3,135;
64,4,89;
94,4,131;
97,4,136;
33,3,59;
46,3,81;
97,3,167;
91,3,156;
35,4,48;
1,4,0;
53,4,73;
67,3,115;
97,4,139;
13,3,21;
3,3,7;
47,4,68;
25,4,34;
28,4,41;
72,3,123;
84,4,117;
80,3,140;
66,3,113;
88,4,126;
65,4,90;
72,4,103;
23,4,31;
19,4,25;
87,4,122;
5,3,7;
6,4,10;
96,3,165;
9,4,14;
82,3,144;
80,4,115;
2,3,2;
21,4,28;
59,3,101;
87,4,125;
70,3,120;
95,3,163;
1,3,0;
50,4,69;
15,3,24;
76,3,130;
26,4,38;
33,3,59;
79,3,135;
72,4,100;
37,3,66;
14,3,26;
90,3,157;
42,4,58;
62,4,86;
29,4,40;
56,4,81;
49,3,83;
12,3,19;
3,3,7;
54,4,78;
24,3,43;
89,4,127;
9,3,17;
74,4,103;
52,4,72;
25,3,42;
74,4,106;
39,4,57;
22,3,37;
34,3,60;
99,4,139;
45,3,76;
32,3,57;
71,3,124;
55,4,79;
66,4,92;
75,4,105;
2,4,1;
69,3,118;
12,3,19;
22,4,30;
83,4,116;
12,4,15;
95,3,166;
71,3,121;
69,4,99;
73,3,125;
37,3,63;
5,3,7;
36,3,61;
15,4,20;
8,4,13;
97,4,139;
81,4,113;
32,4,44;
57,4,79;
45,4,65;
12,3,22;
56,3,98;
92,3,158;
88,4,123;
82,3,141;
38,4,52;
98,4,137;
15,3,24;
89,3,153;
24,4,35;
32,4,47;
50,4,69;
62,4,89;
57,4,79;
22,4,33;
24,4,32;
12,4,18;
24,4,35;
90,3,157;
8,3,12;
37,4,51;
11,3,18;
55,4,76;
93,4,133;
90,3,154;
20,4,30;
28,4,38;
80,4,112;
100,3,175;
47,3,83;
36,3,61;
86,4,120;
62,3,109;
91,3,159;
23,3,38;
56,3,98;
64,3,112;
48,3,82;
24,3,40;
4,4,4;
43,3,76;
72,4,103;
27,3,45;
28,3,50;
63,4,88;
38,4,55;
85,4,119;
37,4,54;
2,4,1;
83,4,116;
83,4,116;
88,4,123;
46,4,67;
24,4,32;
87,3,152;
22,3,40;
5,3,7;
63,3,108;
76,4,109;
83,3,145;
46,4,64;
58,3,102;
84,4,120;
37,4,51;
31,3,52;
44,3,75;
77,3,135;
32,3,54;
63,4,88;
33,3,59;
37,3,66;
95,4,133;
87,4,122;
15,4,23;
56,3,98;
95,4,133;
52,4,75;
77,4,110;
65,4,93;
68,4,98;
59,3,101;
46,4,64;
26,3,47;
31,4,45;
58,3,99;
94,3,161;
81,3,139;
83,4,116;
87,4,122;
91,4,127;
20,4,30;
67,3,118;
49,4,68;
66,4,95;
75,4,105;
37,4,54;
49,3,86;
56,3,95;
35,3,59;
82,4,114;
73,3,125;
21,3,38;
85,3,149;
54,3,92;
43,4,62;
95,4,136;
6,4,10;
12,3,22;
25,4,37;
8,3,12;
18,4,27;
29,3,49;
88,3,151;
37,3,63;
39,3,66;
73,3,125;
30,4,44;
11,4,17;
100,3,172;
50,4,69;
7,3,11;
28,4,38;
17,4,26;
63,3,111;
52,4,75;
13,4,17;
31,3,52;
60,4,83;
11,4,14;
40,4,58;
43,3,76;
61,4,88;
70,4,100;
50,4,72;
51,4,71;
14,3,23;
12,3,19;
46,4,64;
98,3,171;
68,4,98;
87,3,152;
90,4,126;
98,4,140;
24,3,40;
89,4,127;
52,4,72;
58,3,102;
84,3,144;
45,3,79;
13,3,21;
77,4,107;
31,4,45;
14,4,18;
65,3,111;
68,4,98;
26,3,44;
50,3,85;
86,3,150;
80,3,140;
44,3,78;
50,3,88;
58,3,99;
69,3,121;
16,3,26;
67,3,118;
80,4,112;
98,3,171;
82,3,144;
44,3,75;
73,4,102;
32,4,44;
24,3,40;
43,3,76;
4,3,8;
20,4,27;
91,3,159;
39,3,69;
8,4,13;
82,3,144;
10,3,16;
49,4,71;
58,3,99;
31,4,42;
52,4,75;
1,3,3;
43,4,59;
10,3,16;
76,4,106;
75,3,131;
93,3,163;
9,3,17;
83,4,119;
91,4,127;
41,4,56;
38,4,52;
81,4,113;
63,4,91;
93,3,163;
87,4,125;
58,4,81;
43,4,59;
32,4,47;
9,3,17;
3,3,7;
79,3,135;
94,4,131;
88,3,154;
74,3,127;
43,3,76;
38,3,67;
99,4,139;
92,4,132;
78,3,134;
59,3,104;
13,4,17;
6,4,7;
66,3,116;
16,3,26;
42,4,58;
98,3,168;
73,3,125;
57,3,97;
21,3,38;
74,4,103;
2,3,5;
29,3,52;
15,4,20;
1,3,3;
49,3,83;
91,4,127;
12,3,22;
18,3,30;
67,3,115;
70,4,97;
64,3,109;
2,4,1;
68,3,119;
39,3,69;
27,4,37;
20,4,27;
57,3,100;
39,3,69;
17,3,28;
21,3,35;
14,3,23;
75,4,108;
27,4,40;
21,4,31;
25,3,45;
64,4,89;
2,3,2;
36,3,64;
89,4,127;
40,3,71;
100,3,172;
2,3,5;
100,3,175;
20,3,33;
53,4,73;
1,3,3;
39,4,57;
29,4,40;
57,3,100;
99,3,170;
49,3,83;
38,4,52;
88,4,126;
62,3,109;
80,3,137;
89,4,124;
49,4,68;
42,3,71;
38,3,67;
34,3,57;
3,3,7;
23,4,34;
99,3,170;
30,3,53;
42,4,61;
53,4,73;
62,3,109;
58,4,81;
2,4,1;
29,4,43;
50,4,72;
2,4,1;
75,4,105;
50,3,85;
61,4,85;
19,4,28;
46,3,81;
92,3,158;
51,4,71;
68,4,98;
19,4,28;
65,3,111;
15,4,20;
26,3,47;
25,4,34;
29,4,43;
22,3,37;
63,3,108;
31,3,52;
100,4,140;
11,3,18;
49,3,86;
53,3,93;
18,3,30;
6,4,10;
28,3,50;
1,4,0;
21,3,38;
57,3,100;
100,4,140;
77,3,135;
5,4,9;
59,4,85;
57,4,79;
93,3,160;
46,4,67;
10,4,13;
23,4,34;
66,3,113;
98,4,137;
34,4,47;
19,4,25;
73,4,105;
36,3,64;
79,4,110;
46,3,81;
59,3,104;
23,4,34;
30,3,50;
60,3,102;
11,3,21;
7,4,8;
42,3,74;
92,4,129;
60,4,83;
3,3,4;
85,4,122;
19,4,28;
76,4,109;
29,4,43;
71,4,99;
81,4,116;
5,3,10;
23,3,38;
79,4,113;
44,3,75;
99,3,170;
64,3,112;
62,3,106;
5,3,7;
60,3,105;
77,4,110;
94,4,134;
26,3,44;
34,4,47;
9,3,14;
44,4,64;
48,3,85;
78,4,112;
44,3,78;
88,3,154;
9,3,17;
70,4,97;
77,3,135;
68,4,95;
37,3,63;
2,3,5;
49,4,68;
64,3,109;
23,4,34;
22,3,37;
16,4,24;
34,4,50;
27,4,40;
28,3,50;
65,4,90;
33,4,45;
28,4,41;
82,4,117;
40,3,71;
9,4,14;
33,3,59;
25,3,42;
34,3,57;
12,3,22;
13,3,21;
20,4,30;
26,3,44;
36,4,49;
93,3,160;
58,4,84;
49,4,68;
37,4,54;
81,3,139;
22,3,40;
74,3,127;
54,4,78;
45,3,76;
21,3,38;
45,4,62;
93,4,130;
36,3,64;
26,3,44;
20,4,27;
83,3,142;
3,4,6;
20,4,30;
40,4,55;
83,4,119;
34,4,50;
38,3,67;
53,4,73;
13,3,21;
31,3,52;
12,4,18;
91,4,130;
86,4,120;
64,4,92;
81,3,142;
51,4,71;
34,4,47;
22,3,37;
28,4,38;
53,4,76;
69,3,118;
28,3,47;
75,3,131;
94,4,131;
57,3,100;
65,4,90;
16,3,26;
62,3,106;
17,4,23;
8,4,10;
32,3,54;
63,3,111;
20,3,33;
87,3,149;
12,4,15;
26,3,47;
17,3,28;
16,4,21;
84,3,147;
60,4,86;
54,3,95;
19,3,31;
82,3,141;
32,4,44;
10,3,19;
73,4,105;
12,4,15;
45,3,76;
75,3,128;
1,4,3;
46,4,64;
87,3,149;
33,3,59;
29,4,40;
29,4,43;
39,3,66;
43,3,76;
33,4,48;
14,3,26;
28,4,41;
19,3,34;
92,3,158;
78,4,109;
76,4,109;
81,4,116;
55,3,94;
84,3,147;
90,3,157;
31,4,42;
21,3,38;
36,3,61;
31,3,55;
56,4,81;
32,4,47;
13,4,17;
100,4,140;
74,4,103;
69,4,96;
38,3,67;
48,3,85;
75,4,105;
70,3,120;
8,3,15;
85,4,122;
9,4,11;
26,4,35;
98,4,137;
47,4,68;
34,3,60;
42,4,58;
41,4,56;
25,4,37;
35,3,59;
37,3,66;
94,3,161;
13,4,17;
33,4,45;
30,4,44;
14,3,23;
36,3,64;
72,4,103;
91,4,127;
4,4,7;
72,4,100;
67,3,115;
58,3,99;
55,4,76;
72,3,126;
30,4,44;
47,4,68;
95,3,166;
53,3,90;
46,3,78;
69,3,121;
96,4,137;
19,3,31;
91,4,127;
52,4,72;
67,3,115;
77,4,110;
35,3,59;
68,4,95;
28,4,38;
14,4,21;
13,4,20;
33,3,56;
59,3,101;
68,3,119;
53,4,73;
91,3,159;
69,4,96;
14,3,23;
1,4,3;
30,4,44;
95,4,133;
26,3,44;
4,4,7;
9,3,17;
85,3,149;
21,3,35;
75,3,131;
30,3,53;
8,3,15;
61,4,85;
64,3,112;
98,3,171;
10,4,13;
23,3,41;
42,4,58;
94,4,131;
52,4,75;
51,3,87;
23,4,31;
2,3,2;
43,3,76;
77,3,135;
28,4,41;
22,4,30;
32,4,47;
76,4,106;
93,4,130;
87,4,125;
35,4,51;
69,4,99;
46,3,78;
62,3,109;
49,3,83;
63,3,108;
71,3,121;
26,4,38;
3,3,7;
50,4,72;
73,3,128;
53,3,90;
13,3,24;
89,3,153;
78,3,134;
6,4,7;
70,3,123;
27,3,48;
83,4,119;
74,4,106;
31,3,52;
7,4,8;
10,3,16;
84,3,144;
30,3,53;
66,4,92;
30,3,53;
54,3,92;
57,4,79;
56,3,98;
37,3,63;
86,4,123;
4,4,4;
49,4,68;
100,3,172;
41,4,56;
26,3,44;
45,4,65;
7,4,11;
21,3,35;
85,3,149;
92,3,158;
13,3,24;
73,3,128;
70,4,97;
90,3,154;
100,4,140;
8,3,15;
73,4,105;
26,4,35;
65,4,90;
37,3,63;
5,3,7;
70,3,123;
8,4,13;
83,4,116;
68,4,95;
22,3,40;
96,3,168;
74,3,127;
16,4,24;
45,4,62;
56,4,81;
60,3,105;
57,3,97;
94,4,134;
99,4,139;
33,3,56;
58,4,81;
88,4,126;
18,4,27;
84,4,120;
91,3,156;
77,3,132;
46,3,81;
79,3,138;
46,4,64;
48,4,69;
39,3,66;
2,3,2;
16,4,21;
30,4,41;
56,4,81;
48,4,66;
33,3,59;
74,4,106;
32,4,44;
73,4,102;
11,3,21;
61,4,85;
13,4,20;
79,4,110;
52,4,72;
77,4,110;
14,4,21;
41,4,56;
68,4,98;
78,4,109;
88,3,151;
53,3,93;
98,4,140;
8,3,12;
61,3,107;
3,4,3;
85,4,122;
88,4,123;
40,3,68;
6,4,7;
74,4,103;
68,3,119;
35,3,59;
94,4,131;
62,3,106;
85,4,122;
90,4,126;
27,3,45;
55,3,94;
82,4,114;
18,3,33;
50,3,85;
97,4,139;
45,4,62;
75,3,128;
27,4,37;
81,4,116;
95,4,133;
38,3,67;
3,3,7;
33,4,48;
48,4,66;
27,4,37;
64,4,92;
98,4,137;
19,4,28;
40,3,68;
33,4,48;
61,4,88;
74,4,106;
59,4,85;
71,4,99;
39,3,69;
91,3,159;
80,3,137;
2,4,4;
32,4,44;
40,4,58;
19,4,25;
27,4,37;
9,4,11;
86,4,120;
8,4,13;
81,3,142;
89,3,153;
60,3,105;
92,4,129;
6,3,9;
93,4,133;
96,3,168;
65,3,111;
61,3,107;
14,3,23;
75,3,128;
40,4,55;
71,3,121;
56,3,95;
68,3,116;
28,3,50;
7,3,14;
62,4,86;
20,4,30;
85,4,122;
83,4,119;
72,4,103;
57,4,82;
55,4,76;
18,4,27;
66,4,95;
13,4,17;
36,4,52;
26,3,47;
97,4,139;
73,3,128;
48,3,82;
90,3,154;
64,3,109;
20,3,33;
20,4,27;
79,4,113;
90,3,154;
89,4,124;
57,3,100;
83,3,145;
56,3,95;
44,3,75;
83,4,116;
59,3,101;
43,4,62;
31,4,45;
9,4,14;
17,4,26;
31,3,52;
74,3,127;
15,3,27;
89,3,153;
35,4,48;
8,4,10;
19,4,25;
31,3,55;
83,3,145;
35,3,62;
83,3,142;
24,4,35;
39,3,69;
52,3,92;
52,4,75;
87,4,122;
96,3,165;
87,3,152;
89,4,124;
97,3,167;
9,3,14;
69,3,118;
71,3,124;
62,4,89;
36,4,49;
57,4,79;
79,4,110;
11,3,18;
22,4,33;
48,3,82;
99,3,173;
37,3,66;
62,4,89;
29,3,49;
68,4,98;
34,3,60;
66,3,113;
21,3,38;
76,4,109;
34,3,57;
83,3,145;
51,4,74;
70,3,120;
22,3,37;
46,4,64;
47,4,68;
41,3,73;
10,3,16;
92,3,158;
23,3,38;
25,3,42;
36,3,64;
10,4,16;
8,4,13;
9,4,11;
27,3,48;
15,4,20;
37,4,54;
68,4,95;
73,3,125;
1,4,0;
79,3,138;
57,4,79;
88,3,154;
34,3,60;
91,3,159;
66,3,116;
57,3,97;
90,3,157;
80,3,137;
54,4,75;
86,4,123;
17,3,31;
70,3,123;
64,4,89;
29,4,43;
34,4,50;
1,4,0;
81,4,116;
5,3,10;
34,3,57;
33,3,56;
69,4,99;
9,3,17;
93,4,130;
41,4,56;
40,4,55;
74,4,103;
100,4,143;
64,3,109;
77,4,110;
38,3,67;
20,4,30;
93,4,133;
34,4,47;
2,3,5;
99,3,173;
59,4,85;
25,3,42;
55,3,94;
70,4,100;
65,3,114;
31,4,45;
3,4,3;
89,4,127;
31,4,45;
87,3,152;
20,3,33;
11,4,14;
11,3,21;
63,4,91;
12,4,15;
12,4,18;
42,4,58;
50,4,69;
90,3,154;
30,3,50;
10,3,16;
38,3,64;
78,3,137;
14,3,23;
85,3,149;
63,4,91;
45,3,76;
28,4,41;
91,3,159;
47,4,65;
31,3,55;
57,3,97;
65,4,90;
16,4,21;
81,3,142;
11,3,21;
64,4,89;
95,4,136;
49,4,68;
7,3,11;
72,4,103;
66,3,116;
24,3,40;
59,4,85;
50,3,85;
56,4,81;
78,3,137;
14,3,23;
55,4,76;
45,4,65;
75,4,108;
96,3,165;
84,3,147;
10,3,19;
69,3,118;
91,3,159;
90,4,129;
8,3,12;
73,4,105;
38,3,64;
45,3,79;
16,3,26;
76,3,130;
84,4,117;
73,3,125;
71,4,99;
67,4,96;
40,4,55;
39,3,66;
61,3,104;
54,4,78;
97,3,170;
16,3,26;
88,3,151;
71,4,102;
1,3,3;
76,4,109;
71,3,124;
58,3,99;
6,3,12;
14,3,23;
99,3,173;
30,3,53;
84,3,144;
58,4,81;
100,3,172;
96,3,165;
68,3,119;
74,3,127;
58,4,81;
85,4,122;
4,4,7;
60,4,83;
93,4,130;
58,4,81;
21,3,35;
97,4,139;
75,3,128;
86,3,150;
13,3,24;
54,3,95;
45,3,76;
18,3,30;
51,3,87;
74,4,106;
73,4,105;
73,4,105;
82,4,114;
22,4,30;
35,3,62;
69,3,121;
29,3,52;
24,4,35;
3,4,6;
88,4,126;
41,3,73;
73,3,128;
38,3,67;
80,4,115;
55,3,94;
45,4,65;
77,3,132;
51,4,71;
68,4,98;
100,4,143;
9,4,11;
65,3,111;
96,3,165;
92,3,158;
74,3,130;
90,4,129;
6,4,7;
25,3,42;
24,4,35;
40,4,55;
41,4,59;
23,4,34;
94,4,131;
79,3,135;
29,3,52;
86,4,120;
100,4,140;
6,4,7;
31,3,52;
53,4,73;
53,4,76;
44,4,61;
38,4,52;
87,4,122;
50,4,69;
100,3,175;
12,3,19;
62,3,109;
84,3,147;
57,3,100;
97,4,136;
50,3,88;
64,4,92;
61,3,104;
17,3,31;
100,4,143;
4,4,4;
58,4,84;
79,3,138;
30,3,50;
47,3,80;
92,4,129;
33,4,45;
16,3,29;
93,3,163;
87,4,122;
47,3,83;
79,4,110;
100,4,140;
45,4,65;
78,3,134;
17,3,31;
68,4,98;
26,3,47;
66,4,92;
78,4,109;
14,4,18;
90,3,154;
39,4,54;
100,3,172;
57,4,79;
66,3,113;
85,3,149;
24,3,40;
4,3,8;
24,3,43;
64,4,92;
8,4,13;
89,4,127;
50,4,69;
39,3,66;
73,3,125;
24,4,32;
96,4,137;
55,4,76;
28,4,38;
61,4,85;
64,4,92;
77,4,110;
54,4,78;
50,4,69;
91,4,130;
87,4,122;
37,4,54;
15,3,24;
86,3,147;
5,3,7;
91,3,156;
91,4,127;
63,3,108;
24,3,40;
100,3,172;
91,4,130;
22,3,37;
9,4,14;
43,3,76;
42,4,61;
16,4,21;
51,3,90;
36,3,61;
19,3,31;
33,3,59;
90,3,157;
71,3,124;
35,4,48;
45,3,76;
49,4,68;
67,3,118;
24,3,43;
6,3,12;
12,4,18;
98,4,137;
21,3,38;
86,3,147;
44,3,75;
7,4,8;
97,4,136;
82,4,117;
83,4,116;
31,3,52;
7,3,14;
37,4,51;
25,3,42;
4,4,7;
55,3,97;
93,4,130;
9,4,14;
58,3,102;
10,3,19;
13,4,20;
14,3,26;
5,4,6;
68,4,95;
58,3,102;
84,3,144;
72,4,100;
58,3,102;
53,3,90;
81,4,116;
24,4,35;
71,3,124;
32,3,57;
39,3,66;
26,4,38;
40,3,71;
82,3,141;
63,3,108;
46,3,81;
21,3,35;
75,4,105;
95,3,166;
83,4,119;
24,4,32;
46,3,78;
39,4,57;
15,4,23;
58,4,84;
60,4,83;
27,4,37;
96,4,137;
69,3,121;
56,3,95;
35,4,51;
66,4,92;
12,3,19;
25,3,45;
60,3,105;
96,3,168;
54,3,95;
92,4,132;
12,4,15;
76,3,133;
53,4,73;
87,3,149;
8,4,10;
55,3,94;
85,3,149;
35,3,62;
80,3,140;
99,3,170;
96,4,137;
2,3,5;
80,3,137;
37,3,66;
21,3,35;
95,3,163;
87,3,149;
41,4,56;
45,4,65;
36,4,49;
22,3,37;
8,4,10;
53,3,90;
9,3,17;
4,3,5;
94,3,164;
81,4,116;
23,4,31;
8,3,15;
48,3,82;
41,4,56;
37,3,66;
45,3,79;
89,4,127;
87,4,125;
74,3,127;
26,4,38;
28,4,38;
18,3,30;
77,3,132;
1,3,0;
63,3,111;
75,3,128;
12,3,19;
81,3,142;
5,3,7;
81,3,142;
78,3,137;
14,3,26;
28,4,41;
77,3,135;
48,3,82;
33,3,56;
93,3,163;
26,4,35;
61,3,107;
67,4,96;
8,4,13;
16,4,21;
44,4,64;
43,4,62;
18,3,33;
89,4,127;
9,3,17;
24,3,40;
52,3,89;
4,3,5;
25,4,34;
55,3,94;
48,4,66;
52,4,75;
57,4,79;
19,4,28;
22,4,33;
60,3,102;
50,3,85;
31,3,52;
77,4,107;
88,4,126;
46,4,67;
9,4,11;
41,4,59;
38,4,52;
83,3,142;
29,3,52;
53,4,73;
62,3,106;
65,4,93;
93,4,133;
80,3,137;
67,3,115;
14,3,23;
15,3,27;
62,3,109;
70,3,123;
29,3,52;
15,4,23;
83,4,119;
80,4,112;
32,3,57;
33,4,48;
6,4,7;
98,4,140;
50,4,72;
3,3,7;
70,4,100;
37,4,51;
91,3,156;
81,3,139;
88,4,123;
9,4,14;
19,4,25;
18,4,27;
74,3,127;
90,3,157;
6,4,7;
65,4,90;
54,3,95;
55,4,76;
67,4,96;
69,3,121;
100,4,143;
76,4,109;
40,4,55;
39,3,66;
95,3,163;
35,3,62;
7,3,11;
22,3,40;
87,4,122;
62,4,86;
1,3,0;
53,3,93;
43,3,73;
13,4,20;
17,4,26;
51,3,90;
92,3,158;
27,4,40;
58,4,81;
69,4,96;
84,3,144;
94,3,161;
13,4,20;
77,3,135;
10,3,16;
64,4,89;
54,3,95;
47,3,83;
88,3,151;
35,3,59;
37,3,63;
76,3,130;
59,3,104;
76,4,109;
32,3,57;
5,3,10;
87,4,125;
49,4,68;
16,4,24;
83,3,145;
15,4,23;
98,3,168;
7,3,14;
54,4,78;
61,4,88;
88,4,123;
79,4,113;
76,4,106;
40,3,71;
88,4,123;
38,4,52;
15,3,24;
71,4,99;
24,4,35;
3,4,3;
91,4,130;
55,3,94;
54,3,95;
8,3,15;
45,3,79;
58,4,81;
74,4,106;
67,3,118;
40,3,71;
80,4,115;
73,4,102;
15,3,24;
24,3,43;
69,3,121;
94,4,131;
29,3,52;
24,4,35;
9,4,11;
58,3,102;
21,3,38;
42,3,74;
38,3,64;
16,4,24;
50,3,88;
44,4,64;
59,3,104;
93,3,160;
6,4,10;
7,4,8;
97,3,167;
62,3,106;
19,3,34;
22,3,40;
58,4,81;
66,4,95;
94,3,161;
86,3,147;
100,4,140;
23,3,41;
62,3,109;
22,4,33;
86,4,123;
69,3,118;
23,4,34;
69,3,121;
96,4,137;
56,4,81;
21,4,31;
74,4,106;
14,4,18;
93,4,130;
2,3,2;
21,4,31;
1,4,0;
48,3,85;
34,4,47;
8,4,13;
35,4,51;
72,3,126;
18,3,33;
57,3,100;
86,3,147;
94,4,134;
4,4,4;
98,4,137;
60,4,83;
94,3,161;
82,3,144;
97,4,139;
6,4,7;
87,3,152;
59,4,85;
11,4,17;
87,3,149;
95,4,136;
37,4,54;
31,4,45;
61,3,107;
96,4,137;
60,3,102;
22,4,30;
62,3,106;
91,4,130;
18,3,33;
14,3,26;
69,3,121;
17,3,28;
5,3,7;
9,3,14;
99,4,142;
21,4,28;
63,4,88;
26,4,35;
81,4,116;
40,4,58;
17,4,26;
69,3,121;
49,4,71;
51,3,90;
20,3,36;
94,4,131;
42,4,58;
39,4,54;
52,3,89;
14,4,21;
25,3,45;
57,4,79;
61,4,85;
82,3,144;
44,3,75;
37,3,66;
97,4,139;
19,4,25;
64,3,109;
77,4,107;
34,4,50;
15,3,27;
53,4,76;
13,4,17;
44,4,64;
92,3,158;
93,3,160;
75,3,131;
60,3,105;
46,4,67;
84,3,144;
50,3,85;
100,3,175;
98,4,140;
18,3,30;
94,4,131;
91,3,156;
56,4,78;
48,3,82;
61,3,104;
84,3,144;
49,4,71;
49,3,86;
88,3,151;
56,4,78;
94,3,161;
93,3,160;
31,3,52;
31,3,52;
10,3,19;
19,4,28;
64,4,92;
74,4,106;
7,4,8;
25,4,37;
19,4,28;
72,4,103;
86,3,147;
92,4,129;
49,4,68;
49,3,86;
25,4,37;
91,4,127;
55,4,76;
80,4,115;
49,3,83;
42,4,61;
10,3,19;
87,3,152;
86,4,123;
26,4,35;
52,4,75;
91,3,156;
26,3,44;
11,3,21;
14,3,26;
68,4,98;
100,3,175;
75,3,131;
43,3,76;
83,3,145;
19,3,34;
39,4,57;
15,3,27;
19,3,31;
20,4,30;
16,3,26;
91,3,156;
16,3,29;
45,3,79;
6,3,9;
99,4,142;
89,3,156;
40,4,55;
54,4,75;
40,4,55;
22,4,30;
80,3,137;
8,4,13;
91,4,127;
75,3,131;
8,4,10;
47,3,83;
63,4,91;
32,3,57;
49,4,68;
44,4,64;
30,3,50;
82,3,144;
95,3,166;
37,4,51;
88,4,123;
29,4,40;
77,3,135;
18,4,24;
32,3,54;
69,3,121;
21,4,28;
56,3,98;
29,4,43;
88,4,126;
22,3,37;
18,3,33;
17,3,31;
23,4,34;
87,4,122;
96,4,137;
73,4,105;
97,3,170;
64,4,92;
10,3,19;
61,3,107;
31,3,52;
94,3,161;
38,3,67;
65,3,111;
43,4,59;
8,3,12;
5,4,9;
98,3,171;
81,3,142;
94,3,161;
69,3,121;
45,4,62;
32,3,54;
75,3,131;
94,4,134;
72,3,126;
87,4,125;
47,4,68;
13,4,17;
22,4,33;
91,4,130;
19,3,34;
2,3,2;
17,3,28;
40,3,68;
54,4,78;
94,4,134;
51,3,90;
53,3,93;
5,3,10;
45,3,79;
76,4,109;
30,4,41;
80,3,137;
49,3,83;
38,3,64;
95,3,166;
80,3,137;
28,3,50;
40,3,71;
33,4,45;
92,4,129;
41,4,56;
88,3,151;
57,3,100;
11,3,21;
79,3,138;
79,3,138;
94,4,134;
88,4,123;
56,3,98;
63,3,108;
56,4,81;
61,4,85;
80,3,137;
99,3,173;
63,3,111;
99,3,173;
57,4,79;
96,4,134;
84,3,144;
3,3,4;
22,3,40;
68,4,95;
43,3,73;
75,3,131;
36,3,61;
68,3,116;
6,3,12;
58,3,99;
87,4,125;
88,4,123;
25,3,42;
3,4,3;
49,3,83;
94,4,131;
33,3,56;
83,4,116;
69,3,118;
87,3,152;
5,4,6;
73,4,102;
86,4,120;
74,3,127;
31,3,52;
10,3,19;
68,3,119;
88,3,154;
40,3,71;
57,4,82;
17,4,26;
99,4,142;
44,3,75;
68,3,116;
2,3,5;
33,3,56;
85,3,146;
100,4,140;
75,4,108;
63,3,111;
96,4,137;
81,3,142;
44,3,75;
7,3,14;
14,3,23;
1,3,0;
93,4,130;
71,4,102;
64,4,89;
94,3,164;
72,4,103;
38,3,64;
66,4,92;
19,3,34;
94,3,161;
54,4,75;
82,3,141;
76,3,130;
27,3,45;
75,4,108;
95,3,166;
55,3,97;
1,4,3;
26,3,44;
64,4,92;
30,3,50;
69,4,96;
99,3,173;
49,4,71;
19,3,31;
23,3,41;
61,3,104;
14,3,26;
9,3,17;
92,3,158;
67,3,115;
7,4,11;
63,3,108;
10,3,19;
58,3,99;
73,3,128;
81,4,113;
62,3,109;
80,4,115;
51,3,90;
23,4,31;
11,4,17;
17,4,23;
1,3,3;
98,4,137;
1,3,0;
5,3,7;
43,4,62;
98,4,140;
46,3,81;
8,4,13;
49,3,86;
84,4,117;
55,3,97;
54,4,75;
58,3,99;
22,4,30;
7,4,8;
87,3,152;
3,4,3;
77,4,110;
33,4,45;
40,3,68;
40,4,58;
11,3,21;
2,4,1;
10,3,16;
56,3,98;
20,3,36;
23,4,34;
94,3,161;
46,3,78;
86,4,120;
95,4,136;
89,3,156;
54,4,75;
44,4,61;
66,4,92;
37,4,51;
37,3,66;
84,4,120;
58,4,84;
74,3,130;
97,4,136;
43,4,62;
27,3,48;
88,3,151;
70,3,120;
16,4,21;
61,4,88;
37,4,54;
98,3,171;
29,3,52;
25,3,45;
23,3,38;
23,4,34;
53,4,76;
8,4,13;
86,3,150;
9,3,17;
49,3,86;
18,4,27;
62,4,86;
20,3,36;
4,3,5;
75,4,105;
9,3,17;
10,3,16;
2,4,4;
59,4,85;
64,4,92;
19,4,28;
76,4,106;
3,4,6;
76,4,106;
20,3,36;
64,4,92;
8,4,13;
15,4,23;
58,3,102;
68,3,119;
5,3,10;
48,4,66;
18,4,24;
45,3,76;
26,3,47;
86,4,123;
14,3,23;
32,4,44;
38,3,64;
63,3,111;
55,4,79;
45,4,65;
36,4,49;
100,3,172;
24,3,43;
19,4,25;
31,3,52;
8,3,12;
34,3,57;
58,4,81;
50,4,72;
54,4,75;
74,4,103;
96,4,134;
5,3,7;
88,4,126;
26,4,38;
33,3,59;
56,3,98;
51,4,74;
79,4,113;
39,4,54;
32,4,47;
25,4,34;
42,3,74;
24,3,43;
58,3,102;
6,4,10;
66,4,95;
36,3,64;
88,3,151;
66,4,95;
49,4,71;
60,4,83;
21,3,35;
8,4,13;
25,4,34;
44,3,78;
34,4,47;
72,3,123;
69,3,118;
31,4,42;
38,3,67;
50,3,85;
74,3,127;
28,4,38;
17,3,28;
26,3,44;
100,4,143;
5,3,10;
26,3,47;
33,4,45;
65,4,90;
53,4,73;
80,3,137;
6,4,7;
75,4,105;
15,4,23;
9,3,14;
7,4,11;
93,4,133;
74,3,130;
46,4,67;
30,3,53;
68,4,95;
10,4,13;
10,3,19;
34,4,47;
58,3,102;
79,3,138;
78,3,137;
72,4,100;
72,3,123;
61,3,107;
90,3,154;
92,3,161;
26,4,38;
47,4,65;
19,3,31;
18,3,30;
75,3,131;
59,3,101;
39,3,66;
53,3,90;
88,3,154;
45,3,79;
85,4,122;
31,4,42;
52,3,89;
20,4,30;
34,3,57;
37,4,51;
13,4,17;
35,4,51;
90,4,126;
57,4,79;
6,3,9;
19,3,31;
51,4,74;
91,3,159;
48,3,85;
100,3,175;
53,4,76;
40,4,55;
90,3,157;
13,3,24;
66,4,95;
11,4,14;
88,4,126;
38,3,67;
79,3,135;
74,3,130;
9,3,14;
76,4,106;
86,3,150;
3,3,4;
38,4,55;
36,3,64;
49,3,86;
64,3,112;
65,3,114;
21,4,31;
88,3,151;
79,4,113;
26,4,38;
65,4,90;
38,3,67;
38,4,52;
41,3,73;
14,4,21;
31,4,45;
49,4,71;
44,4,64;
33,3,56;
21,3,38;
52,3,89;
20,3,36;
56,3,95;
20,3,36;
17,3,31;
14,3,23;
13,4,17;
73,4,105;
2,4,1;
44,4,64;
73,4,105;
15,3,27;
62,3,106;
38,3,64;
52,3,89;
76,4,109;
89,4,127;
22,3,40;
76,3,133;
57,3,97;
54,4,78;
57,3,100;
74,3,130;
83,4,119;
50,4,69;
39,4,54;
96,3,168;
74,4,106;
29,4,40;
31,3,52;
3,3,7;
80,4,115;
100,4,140;
73,4,102;
95,3,166;
62,4,89;
37,3,63;
85,4,122;
68,4,95;
34,4,47;
4,4,7;
82,4,117;
5,3,7;
12,4,15;
66,3,116;
69,3,121;
19,3,31;
74,4,103;
51,3,87;
84,3,147;
5,3,10;
88,4,123;
65,4,90;
21,3,38;
45,3,76;
34,4,50;
68,3,119;
11,3,18;
17,4,26;
58,3,102;
4,4,7;
85,4,122;
58,4,84;
65,4,90;
22,4,33;
78,3,134;
7,4,11;
8,4,13;
5,3,10;
7,4,8;
11,3,18;
64,4,92;
43,3,76;
25,3,42;
82,3,141;
34,4,50;
52,3,89;
81,3,142;
65,3,111;
47,3,80;
23,3,38;
18,3,30;
86,4,120;
73,4,102;
50,4,72;
57,3,97;
17,3,31;
35,3,59;
36,3,61;
68,4,98;
32,3,54;
7,4,8;
35,3,62;
99,3,170;
35,3,62;
35,3,59;
72,4,103;
93,4,133;
8,3,15;
75,4,105;
42,3,71;
61,4,88;
89,3,156;
18,4,27;
63,4,91;
73,3,128;
30,4,41;
86,4,123;
52,4,72;
70,4,100;
29,3,49;
27,4,37;
75,3,128;
64,3,109;
90,4,129;
8,4,10;
87,3,152;
20,4,30;
25,4,37;
67,3,115;
74,3,130;
67,3,118;
81,4,113;
95,4,136;
39,3,66;
10,4,13;
6,3,9;
54,3,95;
26,4,35;
2,3,5;
7,3,14;
37,4,54;
44,3,75;
25,4,37;
52,4,75;
62,3,106;
25,4,34;
82,4,117;
91,4,127;
82,3,144;
46,4,67;
59,3,101;
63,4,88;
31,4,45;
77,4,107;
17,3,28;
27,4,40;
38,3,64;
43,4,59;
99,3,173;
89,4,127;
84,4,117;
59,3,101;
46,3,78;
2,4,1;
87,3,149;
50,4,72;
47,3,80;
54,4,75;
49,3,86;
44,4,64;
8,4,10;
90,3,157;
68,3,116;
86,3,147;
49,4,68;
38,4,55;
68,3,116;
50,4,72;
7,3,14;
49,4,71;
42,4,61;
23,3,41;
46,4,64;
77,3,132;
11,3,18;
11,4,14;
18,4,27;
42,4,61;
86,3,147;
97,3,167;
32,4,44;
32,3,57;
32,4,47;
32,3,57;
11,4,14;
55,4,76;
34,4,50;
100,3,172;
18,3,33;
20,3,36;
52,3,92;
47,3,83;
70,4,100;
95,3,163;
30,4,41;
100,3,172;
49,4,71;
20,3,36;
40,4,55;
47,4,68;
53,3,93;
6,4,10;
48,3,82;
5,3,7;
65,4,90;
47,3,83;
83,3,142;
42,4,61;
18,3,30;
27,4,40;
75,3,131;
74,4,106;
89,4,127;
75,3,131;
40,4,55;
59,3,104;
70,3,120;
45,4,62;
74,4,103;
85,3,149;
58,3,99;
32,4,47;
97,4,139;
50,4,69;
37,3,63;
3,4,6;
60,3,105;
64,4,89;
52,3,89;
68,4,98;
27,3,45;
61,3,107;
11,3,21;
85,3,149;
27,4,37;
18,3,33;
31,4,45;
15,3,24;
70,3,123;
42,4,58;
3,3,4;
66,4,95;
9,4,14;
34,4,47;
13,4,17;
14,4,18;
80,3,140;
2,3,5;
24,3,43;
9,4,14;
69,3,118;
14,3,23;
72,3,123;
81,4,113;
67,3,118;
13,4,17;
31,4,45;
27,4,37;
80,3,137;
64,4,92;
76,3,133;
67,4,93;
68,3,116;
65,4,90;
40,4,58;
91,3,156;
50,3,88;
28,3,50;
67,3,115;
83,3,145;
41,4,59;
86,3,150;
45,3,79;
56,3,95;
59,3,104;
82,3,141;
20,4,27;
53,4,73;
2,3,5;
53,3,93;
16,3,29;
12,4,15;
58,3,102;
17,4,23;
8,3,15;
8,4,10;
19,3,31;
45,4,62;
16,3,26;
86,4,120;
88,4,123;
9,4,11;
37,4,54;
83,3,145;
69,3,121;
31,3,55;
68,3,119;
9,4,11;
69,3,121;
22,3,37;
39,3,66;
39,4,54;
37,4,54;
5,4,6;
72,3,123;
23,4,34;
1,4,0;
75,3,128;
77,4,110;
83,4,116;
37,4,54;
6,4,10;
65,4,93;
90,4,129;
67,3,115;
59,3,101;
55,4,79;
65,4,93;
94,3,164;
78,4,109;
98,3,168;
85,4,119;
71,4,99;
9,4,11;
85,3,146;
97,4,139;
70,4,100;
59,3,104;
76,4,109;
40,4,55;
99,4,142;
27,4,37;
89,3,153;
65,4,90;
7,4,8;
48,4,69;
20,3,33;
98,4,137;
7,3,14;
65,3,114;
64,4,92;
13,4,20;
78,4,112;
53,3,90;
62,3,109;
73,3,128;
6,4,7;
85,4,122;
23,3,41;
25,4,37;
14,4,21;
100,4,143;
16,4,24;
18,3,30;
92,3,158;
32,4,44;
16,3,29;
45,4,65;
3,4,3;
39,3,66;
92,3,158;
66,3,113;
52,4,75;
70,3,120;
46,4,64;
71,4,99;
28,4,38;
78,4,109;
67,4,96;
93,4,130;
49,3,83;
28,3,47;
84,3,147;
4,3,8;
99,4,139;
30,4,44;
24,4,32;
57,4,82;
45,4,65;
52,3,92;
19,4,25;
81,4,113;
55,4,79;
41,4,59;
26,4,35;
91,3,159;
10,4,13;
97,4,139;
37,4,51;
4,4,4;
72,3,123;
59,3,104;
9,3,14;
97,3,170;
8,4,10;
19,3,31;
89,4,127;
83,3,142;
100,4,143;
2,4,4;
15,3,27;
49,3,83;
41,4,56;
91,3,156;
38,4,52;
92,4,132;
20,4,27;
77,4,110;
80,3,140;
64,4,89;
32,4,44;
97,4,139;
44,3,75;
91,3,156;
51,4,71;
73,4,102;
3,3,7;
4,3,8;
67,3,115;
9,3,17;
65,4,90;
75,3,128;
89,4,124;
36,3,64;
72,3,126;
99,3,173;
56,3,98;
62,3,109;
29,4,40;
48,3,85;
91,3,159;
34,4,50;
55,3,97;
99,3,170;
98,3,168;
5,4,6;
87,4,125;
18,3,30;
38,4,52;
58,3,102;
49,3,86;
87,3,152;
40,3,71;
39,3,69;
79,3,138;
40,3,68;
91,4,127;
74,4,106;
33,4,45;
29,4,40;
86,3,147;
9,3,14;
92,3,161;
49,3,86;
49,4,68;
63,3,111;
39,4,57;
22,3,37;
35,3,59;
52,4,72;
30,4,41;
81,3,142;
20,3,33;
82,3,141;
73,4,105;
3,4,6;
36,3,64;
87,3,149;
86,4,120;
8,3,12;
63,4,88;
49,4,71;
53,4,76;
80,4,112;
90,4,129;
85,4,119;
65,3,114;
68,4,98;
40,4,58;
44,3,78;
17,4,23;
33,4,48;
98,3,171;
4,3,8;
17,4,26;
64,3,109;
49,3,83;
4,3,8;
23,3,41;
72,3,123;
33,4,48;
9,4,14;
75,3,128;
44,3,75;
6,3,9;
96,4,134;
57,4,79;
88,3,151;
72,4,100;
55,4,79;
83,3,145;
45,3,79;
83,3,142;
99,4,142;
97,3,167;
93,3,163;
59,4,82;
66,3,116;
31,3,55;
81,3,142;
61,3,107;
13,3,24;
10,4,13;
42,4,58;
66,3,116;
7,4,8;
79,4,110;
87,3,149;
83,4,116;
82,3,144;
28,3,50;
45,4,65;
94,4,134;
55,3,94;
94,3,161;
100,3,175;
46,4,67;
24,4,35;
35,4,51;
62,3,106;
50,3,88;
64,3,112;
73,3,128;
21,3,38;
47,3,83;
78,4,112;
71,4,99;
56,3,95;
73,4,105;
13,4,20;
43,4,62;
100,4,143;
90,4,129;
2,3,5;
35,4,51;
46,3,81;
63,4,88;
47,4,65;
29,3,49;
59,4,82;
12,3,19;
59,3,101;
54,4,75;
42,3,74;
78,4,109;
37,4,51;
79,3,138;
22,3,40;
82,4,114;
8,3,12;
65,3,111;
91,3,159;
70,4,97;
31,3,52;
60,3,102;
20,4,30;
91,3,156;
80,4,112;
85,4,119;
58,3,99;
41,4,56;
7,4,11;
23,4,31;
90,4,126;
65,3,111;
97,3,170;
85,3,146;
19,3,31;
40,4,58;
76,4,106;
57,4,82;
67,4,96;
56,3,95;
13,3,21;
43,4,59;
28,3,50;
29,3,52;
82,3,141;
54,3,92;
95,3,166;
5,4,6;
81,4,116;
46,4,67;
89,4,124;
86,3,150;
46,4,64;
56,3,95;
20,4,30;
72,3,126;
84,3,144;
19,4,28;
53,4,73;
1,4,3;
71,4,99;
74,3,127;
19,3,34;
53,4,73;
13,3,24;
22,4,33;
65,4,90;
15,4,23;
92,4,129;
25,4,34;
13,4,20;
49,3,86;
54,3,92;
69,3,121;
41,4,56;
21,3,38;
30,3,53;
53,3,93;
10,4,16;
33,3,56;
69,4,96;
35,4,48;
35,4,51;
28,4,38;
91,3,156;
80,4,112;
80,3,137;
59,4,82;
44,3,75;
59,3,101;
8,3,15;
40,4,58;
17,4,26;
44,4,64;
66,3,113;
84,4,120;
98,3,168;
93,4,133;
5,3,7;
61,4,88;
52,4,72;
28,3,47;
74,3,130;
99,4,139;
38,4,52;
23,4,34;
41,4,56;
71,4,99;
47,3,80;
56,4,81;
59,4,85;
14,3,23;
18,3,30;
16,4,24;
45,3,79;
13,4,17;
25,3,42;
7,3,11;
80,3,140;
17,3,28;
78,3,134;
5,3,10;
55,3,97;
75,3,131;
11,4,17;
89,3,156;
42,4,61;
54,4,78;
75,4,108;
83,3,142;
98,3,171;
78,4,112;
95,4,136;
60,4,86;
70,3,120;
62,4,86;
82,4,114;
50,4,69;
45,3,76;
63,4,91;
73,4,105;
36,4,49;
97,3,167;
59,4,85;
6,4,7;
29,4,40;
77,4,107;
41,4,59;
56,3,98;
13,3,24;
4,3,8;
70,3,123;
42,4,58;
74,4,106;
9,4,11;
69,4,99;
71,4,102;
8,3,15;
33,3,56;
47,4,68;
77,3,132;
74,3,127;
77,4,107;
91,4,130;
7,3,11;
94,3,164;
47,4,68;
36,3,61;
74,3,130;
94,3,161;
15,4,23;
45,4,62;
61,4,85;
34,4,50;
97,3,167;
91,3,156;
69,4,99;
95,3,166;
25,4,37;
86,3,150;
17,4,23;
40,4,55;
96,4,134;
68,3,116;
9,4,14;
97,4,139;
88,4,126;
63,4,88;
55,4,79;
61,4,88;
39,4,57;
9,3,14;
10,3,19;
37,3,63;
79,3,135;
4,3,8;
100,4,140;
80,3,140;
66,3,113;
100,4,140;
99,4,139;
48,3,85;
62,4,89;
86,4,123;
60,4,83;
57,4,79;
94,3,161;
8,3,12;
55,4,76;
19,4,25;
51,4,74;
48,4,69;
96,4,137;
49,4,71;
91,4,130;
21,3,38;
30,3,53;
35,4,51;
22,3,40;
52,4,72;
81,4,113;
35,4,51;
10,4,16;
28,3,50;
52,4,72;
51,3,90;
49,3,86;
31,3,55;
92,3,158;
39,3,69;
86,3,150;
2,3,5;
29,4,40;
67,4,93;
34,3,60;
18,3,33;
26,4,35;
29,4,40;
33,4,48;
22,4,30;
71,3,124;
67,4,93;
15,3,27;
9,4,14;
67,4,96;
30,3,50;
87,4,122;
46,3,78;
72,4,103;
81,3,139;
46,3,78;
62,3,109;
24,3,40;
32,4,44;
83,3,145;
16,3,29;
36,3,61;
67,4,96;
87,4,125;
31,4,45;
77,4,107;
60,4,86;
45,3,76;
83,4,119;
29,3,52;
99,4,139;
6,4,7;
20,4,27;
65,4,93;
46,4,64;
83,4,116;
74,4,103;
54,4,75;
36,4,52;
35,4,48;
24,4,32;
99,4,142;
62,4,86;
91,3,159;
15,4,20;
42,4,58;
15,3,24;
59,3,101;
1,3,0;
44,3,78;
37,4,51;
69,4,96;
93,3,163;
9,4,14;
33,4,48;
80,4,112;
69,3,121;
30,4,41;
86,4,123;
79,4,110;
23,3,38;
55,4,79;
99,4,139;
44,4,64;
41,4,59;
44,4,64;
2,4,4;
13,3,24;
13,4,17;
37,4,54;
59,4,82;
46,3,81;
16,3,26;
28,3,47;
73,4,102;
20,3,36;
78,3,134;
10,3,19;
36,4,49;
77,3,135;
6,3,12;
80,4,112;
4,3,5;
74,3,127;
45,3,79;
14,3,23;
33,3,59;
53,3,90;
36,3,61;
72,3,126;
62,4,89;
82,3,144;
31,3,55;
10,3,16;
93,4,133;
93,3,163;
37,3,63;
94,4,134;
28,3,50;
21,3,35;
98,3,171;
45,4,65;
11,4,17;
23,4,31;
10,3,16;
27,4,40;
29,4,40;
36,4,52;
7,4,11;
89,4,124;
15,4,20;
4,3,8;
9,4,14;
25,4,37;
50,3,85;
22,3,40;
71,3,121;
49,4,71;
53,3,90;
98,4,137;
94,3,164;
86,3,150;
99,4,142;
93,3,163;
64,3,112;
83,4,119;
49,3,83;
75,4,105;
74,4,106;
47,3,80;
88,3,151;
48,3,85;
93,4,133;
65,3,111;
10,4,16;
83,4,116;
42,4,58;
77,4,107;
60,4,86;
56,3,98;
59,3,104;
62,4,86;
3,3,7;
1,4,3;
13,3,21;
8,4,10;
71,3,121;
27,4,37;
74,4,106;
56,4,81;
57,3,97;
67,4,96;
22,4,33;
76,4,109;
17,4,23;
55,4,79;
93,4,130;
64,4,89;
60,3,102;
76,3,133;
47,4,65;
61,3,107;
70,4,100;
91,4,130;
68,3,116;
12,3,19;
2,4,4;
96,3,168;
59,3,101;
31,4,42;
25,4,37;
80,4,115;
43,3,76;
27,4,37;
89,3,153;
37,4,54;
12,4,15;
82,3,144;
46,4,64;
92,4,129;
2,4,4;
2,3,5;
57,3,97;
76,4,106;
68,4,95;
31,3,52;
70,4,100;
63,4,91;
54,4,78;
92,4,132;
52,4,75;
48,4,66;
79,3,138;
26,3,44;
24,3,40;
69,4,99;
36,4,52;
21,3,38;
53,4,76;
78,3,137;
69,3,121;
89,4,124;
100,3,175;
88,4,126;
26,3,44;
90,3,157;
84,4,120;
73,3,125;
34,3,57;
74,3,130;
27,4,37;
13,3,24;
54,3,92;
59,3,104;
49,4,68;
25,4,37;
40,4,55;
36,3,61;
96,4,134;
36,3,61;
90,4,126;
66,3,116;
83,4,116;
27,4,40;
72,3,126;
34,3,60;
56,3,98;
52,3,92;
85,3,149;
75,3,128;
5,4,9;
21,4,31;
69,3,118;
14,4,18;
90,4,129;
97,3,170;
49,4,68;
4,4,4;
57,3,97;
95,4,136;
45,4,62;
28,4,41;
24,3,43;
73,4,102;
19,3,31;
54,4,78;
5,3,7;
36,3,61;
90,4,129;
35,3,62;
52,3,89;
19,3,31;
87,3,149;
8,4,10;
16,3,26;
30,4,41;
79,3,135;
71,4,102;
43,4,59;
41,4,59;
83,3,145;
24,4,32;
40,4,58;
33,4,48;
31,3,52;
13,3,21;
58,4,84;
98,3,168;
57,4,79;
9,4,11;
53,4,73;
71,3,124;
27,4,40;
8,4,10;
67,4,93;
75,3,131;
79,4,113;
32,4,47;
4,4,4;
28,3,47;
7,3,11;
13,3,24;
77,3,132;
32,4,44;
95,3,163;
34,4,50;
24,3,43;
93,3,160;
73,3,128;
47,4,68;
49,3,83;
16,3,26;
60,4,86;
17,4,23;
19,4,25;
60,3,105;
8,3,15;
26,4,35;
100,4,143;
79,3,138;
58,4,84;
34,4,50;
5,4,6;
12,3,19;
45,4,62;
61,4,88;
3,4,3;
29,4,43;
87,4,125;
40,4,58;
58,4,84;
5,3,7;
89,4,124;
56,4,78;
87,4,122;
76,4,106;
100,4,140;
19,3,34;
78,3,134;
95,4,136;
93,4,133;
61,4,85;
64,4,89;
19,3,34;
20,4,27;
26,4,38;
3,3,7;
99,3,173;
47,4,68;
87,3,152;
75,3,131;
5,3,7;
94,4,131;
3,3,7;
48,3,85;
53,4,73;
71,3,121;
50,4,69;
18,3,30;
89,3,153;
90,3,157;
20,3,33;
51,4,74;
68,4,98;
1,3,3;
100,4,143;
9,4,11;
74,3,127;
44,4,64;
1,3,3;
66,4,92;
28,3,50;
31,3,55;
90,3,157;
47,4,68;
70,3,123;
39,4,57;
67,3,118;
74,3,127;
35,4,51;
77,3,132;
16,3,26;
5,3,10;
65,4,90;
21,3,35;
57,4,82;
59,3,104;
10,4,13;
26,4,35;
93,3,160;
72,4,100;
20,4,27;
56,4,81;
91,3,159;
5,4,6;
20,3,33;
28,4,41;
50,4,72;
42,3,71;
62,4,86;
4,3,5;
92,3,161;
72,4,100;
41,3,73;
11,4,17;
100,3,172;
19,4,28;
64,4,92;
7,3,11;
50,3,88;
64,3,109;
100,3,172;
59,4,82;
77,4,110;
55,3,97;
94,3,161;
95,3,166;
2,4,4;
48,4,69;
83,3,145;
53,4,73;
62,3,109;
55,3,94;
57,4,82;
5,4,9;
11,4,17;
21,4,31;
13,4,20;
82,3,141;
58,4,81;
4,3,5;
13,3,21;
22,3,40;
9,3,14;
26,3,47;
72,3,126;
27,3,45;
73,3,128;
87,4,122;
87,4,125;
57,3,97;
37,4,51;
64,4,89;
33,3,56;
66,3,113;
56,4,81;
34,3,57;
51,4,74;
14,3,26;
57,3,100;
59,4,85;
97,3,170;
69,3,118;
38,4,52;
83,3,145;
17,3,28;
98,4,140;
51,4,74;
50,4,69;
46,4,67;
50,3,88;
35,4,51;
3,4,3;
32,4,44;
33,4,45;
61,3,104;
65,3,111;
65,3,111;
30,4,41;
44,4,64;
78,3,137;
64,4,92;
38,3,64;
95,3,166;
91,3,159;
57,3,97;
68,4,98;
28,3,47;
97,3,167;
74,3,127;
73,4,105;
13,3,21;
31,4,42;
1,3,0;
18,3,33;
87,4,122;
49,4,68;
25,4,34;
11,4,14;
43,3,76;
56,3,95;
55,3,94;
17,4,26;
82,3,141;
50,3,88;
17,4,23;
41,3,73;
53,3,93;
76,3,133;
65,4,93;
21,3,38;
4,3,5;
78,4,112;
30,3,50;
83,4,116;
42,3,71;
92,3,158;
33,3,56;
94,4,134;
12,3,22;
73,4,102;
8,4,10;
47,3,80;
8,3,15;
62,3,109;
16,3,29;
86,4,120;
73,4,105;
66,3,113;
46,4,64;
19,3,34;
75,4,105;
19,3,31;
9,3,14;
89,3,153;
92,4,129;
17,4,23;
82,3,141;
2,3,5;
69,4,96;
53,4,76;
79,3,138;
63,4,88;
23,4,31;
54,4,75;
44,3,75;
54,4,75;
95,3,163;
12,3,22;
41,3,73;
39,4,54;
33,3,59;
92,4,129;
83,4,119;
38,4,55;
36,4,49;
6,3,12;
91,3,156;
56,4,81;
8,4,10;
32,4,44;
97,3,170;
64,3,109;
44,3,78;
94,4,131;
35,3,59;
48,3,82;
93,3,160;
43,3,76;
64,3,112;
25,4,34;
45,3,76;
68,3,116;
35,3,62;
27,3,45;
41,3,70;
26,3,44;
37,4,54;
41,4,56;
2,4,4;
14,3,23;
24,3,43;
32,4,47;
36,3,64;
24,3,40;
4,3,8;
7,4,8;
89,4,127;
99,4,142;
54,3,92;
23,3,41;
77,4,107;
62,4,89;
41,3,73;
25,3,45;
83,4,116;
85,3,149;
14,4,21;
84,4,117;
89,4,127;
42,3,74;
10,3,16;
30,3,53;
34,4,50;
29,4,43;
4,4,4;
3,3,4;
80,4,115;
38,4,52;
35,4,51;
10,4,13;
14,4,18;
3,3,4;
53,4,76;
55,4,76;
10,4,13;
61,3,104;
15,4,20;
55,3,94;
80,3,137;
30,3,50;
96,4,134;
88,4,126;
60,4,86;
71,3,124;
11,4,14;
71,3,124;
44,3,78;
36,3,61;
67,4,93;
24,3,40;
74,3,130;
11,4,17;
28,3,47;
61,4,88;
11,4,17;
49,3,86;
91,3,159;
80,3,140;
42,3,71;
81,3,139;
31,4,45;
7,4,11;
5,3,7;
91,4,130;
56,3,98;
33,4,45;
52,4,75;
99,3,173;
1,3,3;
37,3,63;
98,3,168;
11,3,21;
4,4,7;
9,3,17;
73,3,128;
37,4,54;
48,3,85;
80,3,140;
44,3,78;
62,3,109;
91,3,159;
65,3,111;
5,4,6;
10,4,16;
3,3,7;
70,4,100;
48,3,85;
33,4,45;
67,4,93;
99,3,173;
62,4,86;
45,4,65;
14,4,21;
73,3,128;
53,4,76;
14,4,21;
30,4,41;
72,3,123;
34,3,60;
71,4,99;
77,4,107;
54,4,78;
22,4,33;
98,3,168;
25,3,42;
92,3,158;
82,4,114;
32,3,54;
93,4,130;
57,3,97;
99,4,142;
34,3,60;
1,3,0;
92,4,129;
63,3,108;
88,3,154;
12,3,22;
26,4,38;
34,3,57;
86,3,150;
60,4,83;
63,3,108;
9,3,14;
6,4,7;
63,4,88;
24,4,32;
75,3,128;
90,3,157;
85,4,122;
63,4,88;
90,4,129;
32,3,57;
70,3,123;
5,3,7;
59,4,82;
95,4,136;
87,4,122;
100,4,143;
15,4,23;
80,3,137;
61,3,104;
30,4,44;
45,4,65;
33,4,48;
5,4,6;
88,3,151;
17,3,31;
54,3,92;
76,4,106;
82,3,141;
8,4,13;
7,3,11;
66,3,116;
76,4,109;
42,3,71;
5,4,6;
31,3,52;
81,3,142;
18,4,24;
100,4,143;
72,3,123;
97,3,167;
49,4,71;
93,3,160;
50,3,88;
77,3,135;
35,3,62;
62,4,86;
24,4,32;
35,3,62;
64,3,109;
64,4,89;
20,4,30;
93,3,163;
17,4,23;
36,3,64;
47,3,83;
49,4,71;
33,4,45;
23,3,41;
37,4,51;
87,3,152;
28,4,41;
54,3,92;
93,4,130;
97,3,170;
87,3,152;
5,4,6;
44,3,75;
94,3,164;
75,4,108;
31,4,42;
91,3,156;
49,3,86;
86,3,150;
29,4,40;
66,3,113;
2,4,4;
3,4,6;
59,3,104;
56,3,98;
43,4,62;
93,4,130;
76,4,106;
2,3,5;
52,4,75;
64,4,92;
80,4,115;
29,4,43;
89,4,124;
15,3,27;
97,4,139;
89,4,124;
27,3,48;
36,4,52;
51,3,87;
6,4,7;
33,3,56;
55,3,94;
61,3,104;
97,3,170;
63,3,111;
28,4,38;
5,3,10;
80,4,112;
66,4,95;
65,3,114;
64,4,89;
13,4,17;
60,3,102;
71,3,124;
10,3,19;
59,3,104;
58,3,99;
53,4,76;
36,4,52;
49,4,68;
67,3,115;
32,3,54;
59,3,104;
38,4,52;
28,4,38;
48,3,85;
48,3,82;
10,4,16;
80,4,115;
88,4,126;
79,3,135;
86,4,123;
93,3,163;
11,4,14;
51,3,87;
31,4,45;
55,4,79;
51,4,71;
62,4,89;
82,4,114;
38,3,64;
52,4,72;
12,4,15;
2,3,5;
11,4,14;
48,3,85;
99,4,139;
18,4,27;
44,4,64;
70,3,123;
45,3,79;
76,3,133;
50,3,85;
100,4,140;
36,4,52;
93,3,160;
75,4,108;
2,4,4;
35,3,59;
85,3,149;
47,3,83;
84,3,147;
67,3,115;
79,4,113;
27,4,37;
5,3,7;
56,4,78;
47,4,65;
50,3,85;
23,3,41;
92,4,132;
30,4,41;
64,4,89;
90,4,126;
100,3,175;
38,3,64;
73,4,102;
57,3,100;
44,4,64;
8,3,12;
14,3,26;
12,4,18;
70,3,120;
55,3,94;
86,3,150;
84,3,144;
96,4,137;
46,4,67;
14,3,23;
34,3,60;
30,4,41;
82,3,141;
9,4,11;
82,3,141;
39,4,54;
11,4,17;
32,4,44;
49,4,68;
46,3,81;
86,4,120;
99,4,139;
92,3,161;
10,4,16;
43,4,62;
90,4,126;
91,3,159;
21,3,38;
73,4,105;
2,3,5;
98,3,168;
89,3,156;
57,4,82;
67,3,115;
5,4,9;
74,4,106;
94,4,131;
78,4,109;
62,4,86;
90,4,126;
85,3,149;
42,3,71;
81,4,116;
71,4,99;
13,3,24;
39,4,57;
97,3,170;
43,3,73;
46,3,81;
49,4,71;
93,4,133;
98,4,137;
51,4,71;
99,4,139;
31,3,52;
67,3,118;
100,3,172;
96,3,168;
22,3,37;
22,4,33;
88,4,123;
96,3,168;
76,4,106;
5,3,10;
13,4,17;
77,3,132;
96,4,137;
51,4,71;
9,3,17;
30,4,41;
75,3,128;
96,4,137;
11,4,17;
61,3,107;
89,4,124;
96,3,165;
20,4,27;
99,3,173;
39,3,69;
23,4,34;
91,4,127;
2,3,5;
88,4,126;
47,4,68;
39,4,54;
5,4,9;
69,4,96;
80,3,140;
11,3,21;
49,3,83;
79,4,110;
67,3,115;
13,3,21;
76,4,106;
8,4,13;
55,4,76;
30,4,41;
27,4,40;
65,4,90;
8,3,15;
58,4,81;
14,4,21;
28,4,38;
44,4,61;
91,4,127;
51,3,87;
52,3,89;
12,3,19;
99,3,173;
75,3,128;
9,4,14;
11,4,17;
3,4,6;
1,3,0;
26,4,38;
1,3,0;
71,4,102;
100,3,175;
40,3,68;
41,3,73;
45,3,79;
7,4,8;
79,4,113;
34,4,47;
32,4,47;
28,3,47;
79,3,135;
73,3,125;
21,4,31;
61,4,88;
52,4,72;
88,4,123;
18,4,24;
57,4,82;
87,4,125;
61,4,88;
8,3,12;
86,4,123;
2,3,2;
84,3,144;
37,3,63;
3,3,7;
98,4,137;
55,4,79;
83,4,119;
59,4,85;
21,4,28;
47,3,80;
14,4,18;
65,3,111;
25,4,34;
26,3,47;
47,3,83;
82,4,114;
9,3,14;
93,3,160;
39,3,69;
84,4,120;
85,3,146;
50,4,69;
85,3,146;
12,4,18;
36,4,52;
74,3,127;
11,3,21;
18,4,27;
57,3,100;
61,4,88;
99,3,173;
5,4,9;
38,3,67;
40,4,55;
67,3,115;
28,3,47;
39,3,66;
84,3,144;
32,3,54;
65,4,90;
53,4,73;
15,3,27;
4,4,7;
73,3,128;
8,3,15;
66,3,113;
79,3,135;
19,4,28;
13,4,20;
49,4,71;
77,4,107;
27,3,45;
24,4,32;
33,4,45;
28,3,50;
16,3,26;
81,3,139;
13,3,21;
5,4,6;
46,3,81;
24,4,35;
44,4,61;
12,4,15;
71,4,99;
58,3,102;
37,3,66;
33,4,45;
64,3,109;
60,3,102;
40,4,55;
72,4,103;
85,3,146;
71,4,102;
67,4,93;
21,4,31;
15,3,27;
60,3,102;
45,3,76;
60,3,105;
49,4,68;
76,3,130;
29,4,40;
51,4,71;
35,3,59;
88,3,151;
44,4,61;
86,4,123;
48,3,85;
13,4,17;
45,4,65;
83,3,145;
39,3,69;
38,3,64;
57,3,97;
2,4,1;
36,3,64;
14,3,23;
30,3,53;
22,3,37;
4,4,7;
2,4,4;
89,3,156;
