8096;
67,3,115;
98,3,171;
68,3,119;
83,3,145;
59,4,82;
36,3,61;
69,3,118;
61,4,88;
100,4,143;
55,4,79;
36,3,61;
17,3,31;
58,4,84;
11,4,17;
48,4,66;
77,4,107;
69,4,96;
21,4,31;
65,3,111;
67,4,96;
40,4,55;
1,3,3;
39,3,69;
33,3,59;
54,3,92;
100,4,140;
75,4,108;
78,4,112;
62,4,86;
86,3,150;
96,3,165;
13,3,21;
26,4,35;
63,3,111;
58,3,102;
38,3,67;
79,3,135;
24,4,32;
84,4,117;
54,3,92;
95,3,166;
5,4,6;
17,4,26;
81,4,116;
59,4,82;
33,4,48;
41,4,59;
9,3,17;
46,4,67;
44,4,61;
44,3,78;
79,3,135;
49,4,68;
45,4,62;
48,3,85;
29,4,40;
91,4,127;
78,3,134;
87,3,152;
3,3,4;
90,4,126;
79,3,135;
56,3,98;
1,3,0;
52,4,72;
21,3,35;
96,3,165;
20,3,36;
66,4,92;
94,4,131;
38,4,52;
33,4,48;
15,3,24;
90,4,126;
35,4,48;
77,4,107;
14,3,26;
39,3,66;
59,3,104;
35,3,59;
41,4,59;
64,4,89;
73,3,125;
55,3,97;
47,4,68;
23,3,41;
11,4,14;
45,3,76;
56,3,95;
53,3,90;
29,4,40;
92,4,129;
97,3,170;
29,3,49;
76,3,133;
35,4,48;
97,3,167;
56,4,81;
31,3,55;
62,4,86;
1,4,3;
56,3,98;
35,3,62;
36,4,49;
39,3,69;
34,4,47;
67,3,115;
37,3,66;
100,3,172;
34,4,47;
27,4,37;
62,4,89;
62,4,89;
35,3,62;
45,3,79;
74,3,127;
38,3,67;
63,3,108;
57,4,79;
9,4,11;
70,4,97;
5,4,9;
49,4,71;
1,4,0;
87,3,149;
71,3,124;
27,4,37;
15,4,23;
25,4,34;
79,3,135;
22,4,33;
83,4,116;
44,4,61;
20,4,30;
88,3,154;
78,3,137;
65,4,90;
68,4,95;
95,3,163;
29,3,49;
53,3,90;
90,4,126;
87,3,149;
22,4,33;
44,4,64;
17,3,31;
41,4,59;
76,4,109;
94,3,164;
33,4,45;
96,3,165;
7,4,11;
70,4,97;
5,4,6;
98,4,137;
19,4,28;
30,4,44;
46,3,78;
58,3,99;
53,4,73;
50,3,85;
56,3,95;
93,3,163;
46,3,81;
2,3,5;
17,4,26;
60,4,83;
95,3,163;
83,3,145;
28,3,50;
100,4,143;
33,3,59;
57,3,97;
48,3,85;
37,4,54;
99,3,170;
76,4,109;
87,4,125;
97,3,167;
6,4,7;
84,4,117;
50,4,69;
29,3,52;
21,4,28;
53,3,90;
43,3,76;
80,3,137;
77,3,132;
90,3,154;
80,3,140;
86,4,123;
41,4,56;
98,4,137;
2,3,2;
69,4,96;
65,4,90;
72,4,103;
33,4,45;
73,4,105;
82,3,144;
5,3,7;
84,3,147;
66,3,116;
90,3,157;
80,4,115;
30,3,50;
26,4,38;
45,4,65;
1,4,3;
82,3,141;
48,4,66;
6,3,12;
42,3,71;
72,3,123;
33,3,56;
28,3,47;
74,3,127;
16,4,24;
54,3,92;
52,3,89;
84,4,117;
92,3,158;
45,3,79;
94,4,131;
78,3,134;
57,3,97;
73,3,128;
78,4,109;
59,3,104;
92,4,132;
81,3,139;
37,3,63;
79,3,135;
80,3,140;
68,4,95;
76,4,106;
9,3,17;
15,3,24;
85,3,146;
18,4,27;
71,3,124;
43,3,73;
22,4,33;
13,4,20;
86,4,120;
20,4,27;
72,3,126;
58,4,81;
90,4,126;
92,3,158;
37,4,51;
31,3,52;
58,3,102;
58,4,84;
37,4,51;
79,3,135;
20,4,30;
50,4,69;
17,3,31;
68,4,98;
87,3,149;
85,4,122;
62,3,106;
62,4,86;
62,4,86;
96,3,168;
37,4,54;
26,3,47;
85,4,119;
59,3,101;
61,4,88;
20,4,27;
9,3,14;
2,3,2;
2,4,4;
12,3,19;
20,3,33;
82,4,117;
10,3,19;
3,4,3;
3,4,3;
88,3,154;
14,4,21;
8,3,15;
70,4,97;
65,4,93;
84,3,147;
83,4,116;
6,4,10;
31,4,42;
65,3,114;
31,4,45;
32,3,54;
31,4,45;
89,3,153;
22,3,40;
47,4,68;
43,3,76;
89,3,156;
50,4,72;
15,3,24;
36,3,61;
19,4,28;
81,3,142;
59,3,104;
54,4,75;
59,3,101;
62,4,86;
73,4,102;
25,4,37;
51,4,74;
35,3,59;
14,3,26;
52,4,72;
62,4,89;
26,3,44;
53,4,73;
38,3,67;
55,4,76;
68,4,95;
96,3,165;
56,4,78;
80,4,115;
58,3,102;
56,3,98;
95,4,136;
52,3,89;
21,3,38;
54,3,92;
35,4,51;
18,4,24;
51,4,74;
76,3,130;
61,3,107;
28,4,41;
86,4,120;
17,4,23;
81,4,113;
83,3,145;
92,3,158;
62,3,109;
76,3,133;
50,4,72;
72,4,103;
83,4,119;
78,3,134;
12,4,15;
8,3,12;
9,3,17;
75,3,131;
88,4,123;
19,3,31;
16,3,26;
2,4,1;
31,4,45;
62,3,109;
17,3,28;
46,4,67;
86,3,147;
26,3,44;
63,3,108;
73,3,125;
89,3,153;
100,4,140;
23,3,38;
55,3,97;
79,4,110;
7,3,14;
98,4,137;
71,3,124;
73,3,128;
51,4,71;
40,4,58;
6,4,7;
33,3,56;
43,3,76;
2,4,4;
54,4,78;
67,3,118;
76,3,130;
31,3,52;
47,3,83;
56,4,81;
72,4,100;
14,3,26;
4,4,4;
18,3,30;
37,3,63;
69,3,118;
65,3,114;
43,4,59;
19,4,25;
5,4,6;
73,4,102;
97,4,136;
57,3,100;
47,4,68;
76,4,106;
23,3,38;
28,3,47;
30,3,50;
91,4,127;
39,4,57;
19,4,25;
53,4,73;
68,4,98;
88,3,154;
68,4,98;
99,3,173;
62,3,106;
7,4,8;
81,3,139;
65,4,93;
64,3,112;
77,3,135;
96,4,137;
52,3,92;
11,4,14;
29,4,43;
66,4,92;
46,4,64;
18,4,24;
81,3,142;
75,3,128;
37,3,66;
36,4,52;
59,4,82;
95,3,166;
26,3,47;
42,3,71;
21,4,28;
40,3,68;
45,3,79;
40,3,68;
9,4,14;
21,4,28;
73,3,125;
86,4,120;
19,4,28;
58,4,81;
88,3,151;
22,3,40;
22,3,37;
54,3,92;
74,3,127;
93,4,133;
92,3,158;
20,3,36;
11,4,14;
25,4,37;
74,4,106;
100,4,140;
33,4,45;
46,3,78;
11,4,14;
40,3,71;
1,4,3;
35,4,51;
94,4,131;
61,4,85;
13,3,24;
38,4,52;
64,3,109;
13,4,17;
11,4,14;
47,3,83;
58,3,102;
5,3,7;
4,4,7;
82,3,144;
6,4,10;
4,4,4;
100,3,175;
98,3,168;
22,3,37;
65,4,90;
80,3,140;
22,4,33;
97,3,170;
82,4,117;
86,3,150;
81,4,113;
25,4,37;
5,3,10;
11,3,21;
86,4,120;
30,3,50;
99,3,173;
28,4,41;
35,4,48;
29,3,52;
98,3,171;
70,4,100;
78,4,112;
10,3,19;
23,3,38;
47,3,83;
38,3,67;
27,4,37;
11,4,14;
20,3,33;
86,3,147;
96,3,165;
99,3,173;
56,3,98;
99,4,139;
58,3,99;
27,4,40;
2,4,1;
46,4,64;
17,3,28;
59,4,82;
17,4,23;
73,4,105;
95,4,136;
82,4,117;
97,3,167;
53,4,76;
49,3,83;
5,3,7;
62,4,86;
23,3,38;
54,4,75;
47,4,65;
29,4,40;
76,4,106;
1,3,3;
67,3,118;
28,3,50;
42,3,71;
50,4,72;
13,3,24;
56,4,81;
38,4,52;
7,4,11;
33,3,59;
68,4,98;
63,4,88;
79,4,113;
1,3,0;
54,3,92;
30,4,44;
26,4,35;
4,4,7;
74,4,106;
23,4,31;
95,4,133;
36,3,61;
3,3,4;
77,3,132;
75,3,131;
48,4,66;
98,3,168;
77,4,107;
96,3,168;
2,4,1;
72,3,123;
2,3,2;
78,3,137;
52,3,92;
64,3,112;
59,4,85;
84,4,120;
77,4,110;
48,4,69;
32,4,47;
84,3,147;
67,4,96;
81,4,116;
76,3,130;
77,4,107;
41,4,59;
28,4,41;
87,3,152;
62,4,89;
54,3,92;
15,4,20;
30,4,44;
14,3,23;
4,3,5;
17,4,23;
14,4,21;
31,4,45;
28,3,50;
75,3,131;
36,4,49;
46,3,81;
62,3,109;
88,3,151;
27,4,40;
16,3,29;
79,4,113;
6,3,9;
54,4,78;
83,3,145;
76,3,130;
43,4,59;
34,4,47;
39,4,54;
34,3,57;
2,4,4;
89,4,127;
44,4,64;
74,3,127;
16,4,24;
71,3,121;
83,4,116;
6,4,10;
25,3,42;
9,4,11;
63,3,111;
41,3,70;
68,3,116;
61,4,85;
45,4,65;
36,3,61;
47,4,68;
74,4,103;
62,3,106;
31,3,52;
14,3,23;
12,4,18;
36,4,52;
87,3,149;
100,4,143;
33,4,48;
100,3,172;
2,4,1;
41,4,56;
7,3,11;
99,4,139;
46,3,81;
3,4,6;
93,4,133;
25,3,45;
90,4,126;
35,3,59;
5,3,10;
66,4,95;
84,4,120;
35,3,59;
83,4,119;
57,4,79;
84,4,117;
57,3,100;
22,4,33;
9,3,14;
93,3,160;
24,3,40;
54,3,92;
24,3,40;
37,4,54;
48,4,66;
99,4,142;
56,3,98;
7,4,8;
88,3,154;
73,3,128;
8,3,12;
46,4,67;
61,4,85;
40,4,58;
65,3,111;
17,3,31;
30,3,50;
95,3,166;
52,3,92;
83,3,145;
1,3,0;
45,3,76;
17,3,31;
77,4,110;
46,3,81;
89,4,127;
74,3,130;
100,4,140;
1,4,3;
35,3,62;
50,3,85;
39,3,66;
67,3,118;
35,4,51;
53,4,76;
90,4,126;
31,3,55;
18,4,24;
66,4,95;
81,3,142;
10,3,19;
41,3,70;
93,4,133;
82,4,117;
37,3,66;
99,4,142;
92,4,132;
85,4,122;
69,3,121;
43,4,62;
2,3,2;
74,4,103;
65,3,114;
14,3,26;
45,3,76;
52,3,92;
24,4,32;
18,4,24;
54,3,92;
76,4,109;
90,4,126;
39,3,66;
47,3,80;
53,3,90;
65,3,114;
22,3,37;
92,4,132;
2,4,4;
85,3,149;
44,4,61;
41,4,59;
32,3,54;
7,3,14;
4,4,7;
55,3,97;
19,3,31;
18,3,30;
24,4,35;
44,4,61;
30,3,50;
42,4,58;
15,3,27;
96,3,168;
70,4,100;
86,3,150;
33,3,56;
73,3,128;
84,3,144;
15,4,23;
84,3,147;
15,3,24;
74,4,103;
76,3,130;
87,4,125;
58,3,102;
52,3,92;
46,4,67;
84,3,147;
67,4,93;
56,4,78;
42,4,58;
21,3,38;
82,3,141;
9,3,17;
90,3,154;
9,3,14;
71,4,102;
7,4,8;
93,4,133;
67,3,118;
25,3,45;
65,3,114;
76,3,133;
80,4,115;
74,3,127;
37,4,54;
43,4,59;
1,3,0;
17,3,28;
69,4,99;
18,3,33;
20,3,36;
66,3,113;
34,3,60;
85,4,122;
52,4,72;
24,3,43;
50,3,85;
75,3,131;
5,3,10;
38,3,67;
69,3,121;
23,4,31;
17,4,23;
30,4,41;
41,3,73;
43,4,62;
72,3,123;
88,4,126;
55,4,76;
2,4,4;
31,4,42;
81,3,139;
40,3,71;
49,4,71;
68,4,98;
26,3,47;
43,3,76;
9,4,11;
37,4,51;
63,4,88;
95,3,163;
93,3,163;
99,3,170;
64,3,109;
23,3,41;
88,3,154;
77,3,135;
50,3,88;
94,4,131;
64,3,112;
37,3,66;
71,4,99;
75,4,105;
4,3,5;
9,4,14;
50,4,69;
24,3,40;
46,4,67;
100,3,172;
13,4,20;
82,4,114;
67,3,118;
73,3,128;
48,4,66;
28,3,50;
36,3,61;
39,4,57;
89,3,156;
72,4,103;
26,4,35;
35,3,59;
45,4,62;
60,4,86;
35,4,51;
73,3,125;
19,3,31;
35,3,62;
76,3,130;
40,4,55;
20,4,27;
35,3,59;
61,4,88;
67,4,96;
12,4,15;
29,4,40;
4,4,7;
62,4,89;
78,4,109;
6,3,9;
22,4,30;
98,3,171;
17,3,31;
52,3,92;
83,4,119;
63,3,108;
5,4,9;
89,4,127;
30,4,44;
62,3,106;
76,4,106;
65,4,90;
21,4,31;
52,3,92;
37,3,66;
2,3,2;
40,3,68;
19,4,28;
17,3,31;
54,4,78;
6,4,7;
74,3,127;
10,4,13;
55,3,97;
52,3,92;
68,3,116;
72,4,100;
42,4,61;
89,3,156;
43,4,59;
11,3,21;
55,3,94;
61,4,88;
48,4,66;
94,4,131;
58,4,81;
77,3,132;
85,4,122;
3,3,4;
3,3,4;
3,3,4;
96,4,134;
64,4,92;
77,3,132;
9,4,14;
19,3,34;
67,3,118;
6,4,10;
31,4,42;
6,4,10;
26,4,35;
57,4,79;
92,3,161;
100,3,172;
43,4,59;
92,3,158;
5,4,6;
96,3,165;
30,4,44;
70,3,120;
90,3,154;
25,3,42;
12,3,19;
10,4,13;
98,3,171;
22,3,37;
59,4,82;
28,3,50;
65,4,93;
24,3,43;
25,3,45;
22,3,40;
24,3,43;
92,3,161;
80,3,137;
68,4,95;
18,4,24;
35,3,62;
71,3,124;
78,4,109;
27,3,45;
31,3,52;
17,3,28;
1,4,0;
19,3,31;
25,4,34;
12,3,22;
55,3,94;
15,3,27;
7,3,11;
81,3,139;
28,4,41;
100,4,140;
53,3,93;
13,3,21;
90,3,157;
69,3,121;
50,3,88;
88,4,123;
7,4,8;
92,4,132;
7,3,14;
88,4,126;
66,3,113;
98,4,140;
11,3,18;
9,4,14;
70,4,100;
36,3,64;
96,4,137;
12,4,18;
15,3,24;
98,3,168;
58,4,84;
41,3,73;
15,3,27;
16,3,26;
92,3,158;
21,4,28;
20,4,30;
73,4,102;
11,4,14;
67,3,115;
7,4,8;
93,3,163;
49,3,83;
85,3,149;
73,4,105;
63,4,88;
42,4,61;
69,3,118;
8,3,12;
76,3,130;
88,3,154;
10,4,16;
93,4,133;
68,3,116;
37,4,51;
12,3,22;
88,3,154;
40,3,71;
58,4,84;
4,3,8;
15,4,20;
87,4,122;
8,4,10;
99,4,139;
45,3,76;
47,3,80;
85,3,149;
97,4,136;
14,4,18;
83,3,145;
28,4,38;
84,3,144;
95,4,133;
77,3,132;
43,3,76;
14,4,18;
66,4,92;
94,3,164;
81,4,116;
16,4,24;
51,3,87;
99,3,173;
7,4,8;
23,3,38;
6,4,7;
48,4,69;
5,4,6;
73,4,102;
66,3,116;
25,4,37;
16,3,29;
88,4,123;
27,4,40;
98,3,171;
30,3,53;
25,4,37;
98,3,168;
85,4,122;
97,4,139;
70,3,120;
12,3,22;
86,4,120;
4,4,7;
14,4,21;
82,3,144;
21,4,31;
82,4,117;
58,3,102;
72,4,103;
5,4,9;
70,3,120;
82,3,141;
75,3,128;
88,3,154;
31,4,45;
55,3,94;
81,3,142;
37,3,63;
90,4,126;
89,4,124;
5,4,9;
33,3,56;
98,4,140;
68,3,119;
36,4,52;
76,3,130;
59,3,104;
65,3,114;
14,3,26;
21,4,31;
71,3,121;
62,3,106;
45,3,76;
47,3,80;
83,3,142;
37,3,66;
71,4,102;
12,3,22;
48,4,69;
12,4,18;
97,3,170;
89,3,153;
68,4,95;
100,3,172;
5,3,10;
26,4,38;
84,3,144;
74,3,127;
8,4,10;
36,4,49;
47,3,83;
29,4,43;
95,4,136;
71,3,121;
83,3,142;
95,4,133;
35,3,62;
63,4,91;
79,3,138;
32,3,57;
6,3,9;
70,4,100;
53,4,73;
82,4,114;
98,4,140;
7,3,14;
95,4,133;
36,4,52;
84,4,120;
38,3,64;
53,3,93;
77,3,132;
67,3,115;
85,3,149;
58,3,102;
71,4,99;
33,3,56;
49,3,83;
86,4,123;
70,3,120;
93,4,130;
35,3,62;
77,4,110;
72,3,126;
60,4,86;
22,4,33;
100,3,172;
92,3,161;
95,4,136;
43,3,76;
6,4,7;
50,3,85;
5,3,7;
24,3,43;
66,3,113;
54,3,92;
1,3,0;
85,4,119;
51,4,71;
50,3,88;
42,3,74;
54,3,95;
53,3,90;
42,3,74;
23,4,34;
74,3,127;
45,3,79;
100,3,175;
5,3,10;
53,3,93;
17,4,23;
1,4,0;
16,4,21;
90,4,129;
9,4,14;
36,3,61;
55,4,76;
69,4,96;
8,4,13;
2,4,4;
16,3,29;
28,3,47;
74,4,106;
60,4,86;
47,3,80;
38,3,64;
82,4,114;
35,4,48;
16,3,26;
83,3,145;
68,3,116;
53,4,76;
68,3,116;
83,3,142;
100,3,172;
62,3,106;
60,4,86;
10,4,13;
85,4,122;
90,3,154;
15,4,23;
53,3,90;
50,3,85;
39,4,54;
50,3,85;
20,3,33;
2,3,5;
99,3,170;
92,3,161;
84,4,117;
100,4,140;
58,4,81;
12,4,15;
77,3,135;
70,3,123;
40,4,58;
73,3,125;
100,3,172;
51,4,71;
6,4,10;
50,3,85;
89,3,153;
42,4,61;
37,3,63;
99,4,142;
99,3,173;
23,3,41;
74,4,103;
46,3,81;
10,4,16;
3,4,6;
72,4,103;
2,3,5;
7,4,8;
89,4,124;
60,4,86;
18,4,27;
66,4,92;
35,3,59;
23,4,31;
4,3,8;
80,4,115;
2,3,5;
97,4,139;
22,3,37;
30,4,44;
48,4,66;
28,4,38;
67,4,93;
76,3,133;
92,4,132;
43,3,73;
86,4,123;
54,3,95;
63,4,88;
38,4,55;
58,4,84;
79,4,113;
41,4,56;
29,3,49;
80,4,115;
49,4,71;
10,3,19;
87,3,149;
74,4,106;
25,3,42;
100,4,140;
56,4,81;
61,3,107;
83,3,145;
28,3,50;
7,4,8;
84,3,144;
39,3,69;
55,4,79;
15,4,20;
29,4,43;
69,3,121;
2,4,4;
60,3,105;
14,4,18;
86,4,123;
81,4,113;
96,3,165;
55,3,97;
29,3,49;
71,3,124;
23,3,41;
16,4,21;
12,3,19;
24,3,43;
25,3,45;
89,3,156;
74,3,127;
62,3,109;
62,4,89;
85,4,122;
62,3,106;
85,3,146;
91,4,127;
60,3,102;
70,4,97;
24,3,40;
1,3,3;
35,3,62;
72,3,123;
10,3,16;
62,3,106;
28,3,50;
84,3,144;
26,3,47;
12,4,15;
73,4,105;
61,4,85;
31,4,45;
90,3,154;
30,4,44;
54,3,95;
57,3,97;
34,3,57;
81,3,142;
3,4,6;
34,3,57;
48,4,69;
60,4,83;
61,3,107;
97,3,170;
44,3,78;
5,3,7;
85,3,146;
23,3,38;
52,3,92;
95,4,133;
93,3,163;
9,3,14;
60,3,102;
99,3,170;
99,4,139;
76,3,133;
63,4,91;
25,3,42;
67,4,96;
21,4,31;
19,4,28;
35,3,59;
30,4,44;
13,4,20;
84,4,120;
50,4,69;
45,3,79;
13,3,21;
7,3,14;
39,3,66;
56,4,81;
66,4,95;
64,3,109;
22,3,37;
14,3,26;
24,4,32;
7,4,11;
57,3,100;
24,3,40;
74,3,130;
76,3,133;
16,4,21;
94,3,161;
30,3,53;
70,4,97;
43,3,76;
76,4,106;
43,3,73;
56,3,98;
53,4,73;
96,4,137;
97,3,167;
10,4,16;
48,4,66;
59,3,104;
41,3,70;
3,4,3;
54,3,92;
10,3,16;
67,4,96;
43,4,59;
32,4,47;
26,4,38;
74,4,103;
88,3,154;
3,4,6;
95,4,133;
11,3,21;
67,4,96;
90,4,129;
98,3,168;
37,3,66;
48,4,69;
35,3,62;
75,3,131;
5,3,10;
93,4,130;
4,3,8;
45,3,76;
14,4,21;
5,4,6;
65,4,93;
66,4,92;
65,3,111;
11,4,14;
100,4,140;
16,3,29;
22,4,30;
64,4,89;
91,4,127;
96,4,134;
53,4,76;
28,4,41;
56,4,81;
48,3,85;
91,4,130;
48,3,82;
73,4,105;
15,3,24;
7,3,11;
22,4,33;
49,4,68;
97,3,167;
19,3,31;
68,3,116;
62,3,106;
28,4,38;
57,3,97;
78,3,137;
59,3,104;
43,3,76;
72,3,126;
57,4,82;
32,4,44;
85,3,146;
70,4,100;
81,3,142;
68,3,116;
81,3,139;
12,3,19;
85,3,146;
81,3,142;
18,4,24;
59,3,101;
12,4,18;
66,4,92;
75,3,128;
99,3,173;
41,4,56;
81,3,139;
32,4,44;
13,3,24;
18,4,27;
23,4,34;
11,3,18;
32,3,57;
50,4,69;
18,4,27;
27,4,40;
33,4,45;
8,3,15;
60,3,105;
49,4,71;
22,3,37;
63,4,91;
11,4,14;
41,4,56;
61,3,107;
75,4,108;
65,3,114;
98,4,137;
52,4,72;
4,3,8;
86,4,120;
34,4,47;
25,4,37;
9,4,11;
4,4,7;
83,3,142;
31,3,55;
53,3,90;
87,3,149;
6,4,10;
39,3,69;
61,3,107;
62,3,106;
7,3,14;
25,4,37;
67,4,93;
32,4,44;
11,4,14;
84,4,117;
45,4,65;
5,3,10;
46,3,81;
58,3,99;
7,3,14;
4,3,8;
54,3,95;
44,3,78;
71,3,124;
71,3,121;
75,3,131;
27,3,45;
98,4,140;
16,3,29;
60,4,83;
56,4,81;
49,3,86;
29,3,52;
72,3,126;
75,3,131;
2,3,5;
76,3,130;
16,4,21;
40,3,68;
8,3,15;
41,3,73;
80,3,137;
95,3,166;
85,3,149;
18,3,33;
53,3,90;
84,4,120;
47,3,83;
84,3,144;
44,3,78;
28,3,50;
56,4,81;
18,3,33;
98,3,168;
20,4,30;
20,3,33;
88,3,151;
55,4,76;
46,3,81;
85,3,146;
4,4,4;
21,3,35;
55,3,94;
1,3,0;
49,3,86;
51,3,87;
90,4,129;
19,3,31;
19,3,31;
68,4,95;
16,3,29;
44,4,64;
40,4,55;
12,3,19;
3,3,4;
54,4,75;
19,3,34;
8,4,10;
35,3,59;
92,4,129;
29,4,43;
87,4,122;
32,3,54;
51,4,74;
60,3,105;
6,4,7;
71,4,102;
59,4,82;
70,3,123;
66,3,116;
62,3,109;
50,4,72;
84,4,117;
51,3,90;
48,3,85;
39,4,54;
34,3,60;
25,4,37;
17,3,31;
39,3,66;
64,4,92;
83,4,116;
33,4,45;
21,4,31;
70,4,100;
67,3,118;
31,4,45;
22,4,33;
40,4,58;
59,3,104;
40,3,71;
24,3,43;
5,4,6;
22,4,30;
23,3,41;
71,3,124;
94,3,161;
58,4,84;
19,4,28;
18,3,33;
35,4,51;
82,4,114;
99,4,139;
87,3,152;
3,3,4;
22,3,40;
72,3,123;
27,4,37;
55,4,76;
16,3,26;
24,3,43;
26,3,44;
62,3,106;
30,3,53;
69,3,118;
15,4,23;
60,4,83;
14,3,23;
73,4,105;
94,3,164;
41,4,59;
88,3,151;
24,4,32;
95,3,163;
89,4,124;
71,4,102;
96,4,134;
38,3,67;
5,3,7;
48,3,85;
22,4,30;
33,3,56;
69,4,96;
14,3,23;
77,4,107;
83,3,142;
79,3,138;
52,3,92;
72,4,100;
33,3,59;
34,4,47;
44,3,75;
46,4,64;
9,4,11;
15,4,23;
51,3,87;
72,4,100;
38,4,55;
30,4,41;
27,4,37;
61,4,85;
91,4,130;
53,3,90;
45,4,65;
52,4,75;
73,4,102;
39,3,69;
37,3,66;
67,4,93;
75,3,128;
22,3,40;
66,4,95;
80,4,115;
35,3,62;
1,3,0;
19,4,28;
51,4,71;
55,3,94;
46,3,78;
36,4,52;
8,4,13;
88,3,151;
73,3,128;
33,3,56;
14,3,23;
15,3,27;
78,3,137;
9,3,17;
72,4,103;
57,3,97;
92,3,161;
19,4,28;
8,3,15;
67,3,118;
77,4,110;
18,4,27;
16,4,24;
41,4,59;
74,4,103;
64,4,89;
88,4,126;
1,4,3;
16,3,29;
4,4,4;
31,3,55;
12,3,22;
92,3,161;
47,3,80;
35,4,51;
24,4,32;
67,3,118;
49,4,71;
34,3,57;
17,4,23;
7,3,14;
66,3,116;
74,3,130;
48,4,66;
30,4,41;
77,4,110;
63,4,88;
52,4,72;
27,4,40;
73,3,125;
29,4,40;
82,4,114;
65,3,114;
39,3,66;
60,4,86;
36,4,52;
57,3,100;
88,3,151;
95,3,163;
63,4,88;
15,3,27;
12,4,18;
9,4,14;
44,3,78;
49,4,71;
68,3,119;
90,3,154;
95,4,133;
46,3,81;
43,3,76;
57,4,79;
12,3,22;
100,3,175;
76,4,109;
38,4,55;
14,3,26;
68,3,119;
56,4,81;
66,3,113;
64,4,92;
77,4,107;
16,4,21;
67,3,115;
93,3,163;
20,3,33;
92,4,132;
75,3,128;
91,3,159;
22,4,30;
82,3,144;
66,3,116;
22,4,33;
12,4,15;
38,3,67;
29,3,52;
19,4,25;
86,4,123;
81,4,113;
75,3,128;
100,4,140;
79,4,110;
99,4,139;
63,3,111;
3,3,4;
80,3,137;
2,4,4;
1,3,0;
72,4,103;
39,4,54;
50,3,85;
71,3,124;
39,3,69;
10,4,13;
28,3,50;
43,3,73;
30,4,41;
47,4,68;
90,3,154;
23,4,31;
21,4,31;
85,3,146;
3,4,6;
8,4,13;
26,4,38;
54,3,92;
25,3,42;
76,3,133;
97,4,139;
90,4,129;
36,3,61;
72,4,103;
5,4,6;
89,3,156;
29,4,43;
73,4,105;
92,4,132;
47,3,83;
76,4,106;
59,4,85;
77,3,132;
55,4,79;
27,3,45;
63,3,108;
3,3,7;
64,4,92;
24,4,35;
92,4,132;
88,3,151;
75,3,128;
18,3,30;
33,4,48;
99,3,173;
35,3,59;
80,4,115;
95,4,136;
89,4,127;
66,4,95;
31,4,45;
9,3,14;
9,4,11;
58,4,81;
76,3,133;
62,3,106;
37,4,51;
12,4,15;
57,4,82;
56,3,95;
47,4,65;
92,3,158;
13,3,24;
67,3,115;
12,4,18;
86,4,123;
39,4,57;
25,3,45;
84,3,147;
45,4,65;
40,4,55;
73,4,102;
90,4,129;
98,4,137;
67,4,96;
87,4,122;
87,4,122;
72,4,100;
38,4,55;
69,3,121;
54,4,78;
33,3,56;
28,4,41;
91,3,159;
5,3,7;
71,4,102;
81,4,113;
84,3,144;
1,4,0;
7,3,11;
69,4,99;
88,4,126;
39,4,57;
92,3,161;
79,4,110;
39,4,54;
82,4,114;
66,4,92;
63,3,108;
58,3,99;
37,4,54;
22,3,40;
60,4,86;
97,4,139;
16,3,29;
59,3,101;
6,4,10;
61,3,104;
26,4,38;
66,3,116;
71,4,102;
85,3,146;
58,3,99;
2,4,1;
79,4,110;
40,3,68;
72,4,100;
49,4,71;
58,4,81;
35,4,48;
40,3,68;
23,4,31;
24,4,35;
100,3,175;
88,3,154;
51,4,74;
36,3,61;
37,4,51;
11,3,18;
30,3,53;
43,4,62;
55,4,79;
60,4,83;
82,4,114;
63,3,111;
18,3,30;
89,3,153;
57,4,82;
67,3,115;
71,4,102;
23,3,41;
56,3,95;
86,4,120;
98,3,171;
80,3,137;
34,4,47;
18,3,30;
81,4,113;
85,3,149;
53,3,90;
87,4,122;
57,3,97;
15,3,24;
26,3,47;
7,3,14;
70,3,120;
38,3,64;
78,3,137;
42,3,71;
85,4,122;
55,4,76;
83,3,145;
81,3,142;
51,4,74;
7,4,11;
35,4,48;
5,4,6;
79,3,138;
31,4,45;
26,3,47;
69,3,121;
46,3,81;
82,4,114;
14,4,21;
51,4,71;
63,3,108;
58,4,81;
2,4,4;
61,4,85;
91,3,156;
65,3,111;
78,3,134;
32,4,44;
64,3,109;
71,3,121;
56,3,95;
42,3,74;
79,3,135;
49,3,83;
79,4,110;
81,4,113;
78,4,109;
47,3,83;
26,3,44;
38,3,67;
19,4,25;
33,4,48;
90,3,157;
66,4,95;
100,4,140;
39,3,69;
26,4,35;
78,4,109;
91,3,156;
23,4,34;
27,3,48;
55,4,79;
61,3,107;
49,4,71;
88,3,151;
47,4,68;
91,3,159;
35,4,48;
92,3,161;
49,3,86;
92,4,132;
48,3,82;
14,3,26;
80,4,115;
95,3,163;
20,4,27;
80,4,112;
13,4,20;
60,3,105;
63,3,108;
97,4,136;
87,3,152;
11,3,18;
16,4,24;
44,3,78;
70,3,123;
20,3,36;
57,4,79;
33,4,45;
2,3,2;
19,3,31;
11,4,14;
4,4,4;
68,3,119;
10,3,19;
62,3,106;
21,3,35;
93,4,130;
38,4,55;
7,3,14;
89,4,124;
25,4,37;
19,4,25;
44,3,78;
15,3,24;
3,4,3;
88,3,154;
14,3,23;
96,4,134;
93,3,163;
22,3,37;
44,4,61;
96,4,134;
27,4,37;
94,3,164;
21,3,35;
28,4,38;
39,4,57;
66,4,95;
57,3,97;
77,4,110;
85,4,122;
79,4,113;
64,4,89;
38,4,55;
77,3,132;
73,3,128;
16,3,26;
50,3,85;
70,4,97;
72,3,123;
96,4,137;
76,3,133;
56,4,81;
19,3,34;
32,3,54;
56,4,81;
24,4,32;
24,4,32;
22,4,30;
91,3,159;
70,4,100;
7,4,8;
11,3,21;
50,3,88;
40,3,71;
10,3,16;
21,4,31;
47,4,68;
1,4,3;
58,4,81;
16,4,21;
17,3,28;
62,4,89;
47,4,68;
47,4,68;
22,4,30;
60,4,83;
58,3,102;
4,4,4;
13,3,24;
23,4,34;
36,3,61;
1,4,3;
28,3,50;
23,4,34;
1,4,0;
87,4,125;
23,4,31;
59,3,101;
39,4,54;
31,3,55;
90,3,157;
43,4,62;
17,3,31;
19,4,28;
22,4,33;
27,4,40;
69,3,121;
82,3,144;
5,4,6;
56,4,78;
21,3,35;
75,4,105;
76,3,133;
37,4,51;
27,4,37;
78,4,112;
100,3,175;
4,3,8;
94,3,161;
37,3,66;
62,3,109;
52,4,72;
67,3,115;
47,3,83;
33,3,56;
67,4,96;
91,4,127;
55,3,97;
100,4,140;
75,3,131;
26,3,44;
56,3,98;
1,3,0;
31,3,52;
22,4,33;
66,4,92;
68,3,116;
30,4,44;
94,3,164;
8,3,15;
99,4,139;
76,4,106;
25,3,45;
48,4,66;
88,4,123;
51,3,87;
92,3,161;
7,3,14;
73,4,105;
10,4,13;
4,4,4;
27,3,45;
25,3,45;
48,3,85;
73,4,105;
74,4,106;
94,4,134;
2,4,4;
36,3,64;
12,4,15;
21,3,38;
89,3,156;
57,4,82;
100,3,172;
72,4,103;
51,4,74;
94,4,134;
5,4,6;
95,3,166;
7,4,11;
33,3,56;
8,3,15;
81,3,142;
89,4,124;
61,4,88;
88,3,151;
24,4,35;
98,4,137;
70,3,123;
96,4,137;
96,3,165;
88,4,126;
43,3,73;
68,3,116;
13,4,17;
75,4,108;
2,3,5;
6,4,10;
81,3,139;
42,4,61;
29,3,52;
34,4,47;
13,4,17;
5,3,7;
55,4,79;
10,3,16;
20,3,33;
76,4,106;
68,4,95;
62,4,86;
17,3,31;
9,3,17;
61,4,88;
16,3,26;
95,4,133;
10,4,13;
94,3,161;
84,3,144;
38,3,67;
2,4,1;
1,3,0;
97,4,136;
38,3,64;
30,3,53;
100,3,175;
1,3,3;
25,4,34;
39,3,66;
82,3,141;
84,4,120;
94,4,131;
9,3,14;
7,3,14;
20,3,33;
12,3,19;
44,3,75;
10,3,16;
95,4,136;
66,3,113;
30,4,41;
64,4,92;
29,4,40;
95,4,136;
23,4,31;
88,4,123;
33,4,48;
13,3,24;
63,3,111;
16,3,26;
6,4,7;
29,4,43;
54,4,75;
32,3,54;
34,3,57;
28,4,41;
90,3,154;
21,4,31;
80,3,140;
7,4,11;
40,4,58;
8,3,15;
37,3,63;
100,3,172;
70,3,123;
76,3,133;
56,4,78;
93,4,133;
10,4,16;
19,3,31;
6,4,10;
38,4,55;
92,4,129;
46,4,67;
26,4,35;
24,4,32;
91,3,156;
89,3,156;
93,4,130;
46,4,67;
38,3,64;
56,3,98;
93,4,130;
75,3,131;
29,4,40;
95,3,166;
18,3,30;
79,3,135;
24,3,43;
91,4,130;
82,3,144;
57,3,100;
48,4,69;
87,4,122;
23,3,41;
85,3,149;
23,3,38;
54,4,75;
69,3,121;
1,4,0;
92,4,132;
65,4,93;
25,3,42;
71,3,121;
38,4,55;
18,4,27;
25,3,42;
54,4,78;
66,3,113;
17,3,31;
82,3,141;
23,3,41;
32,3,54;
83,3,142;
42,4,58;
81,4,113;
58,4,84;
82,3,141;
18,4,24;
40,3,71;
20,4,27;
52,4,75;
62,4,86;
26,3,47;
86,4,120;
72,4,103;
96,3,168;
21,3,35;
47,3,80;
45,4,62;
95,4,136;
62,4,86;
2,4,1;
54,4,75;
61,3,107;
5,4,9;
14,3,23;
18,3,33;
52,3,92;
51,3,87;
27,4,40;
80,3,140;
41,4,59;
27,4,40;
56,3,95;
11,4,17;
70,3,120;
38,3,67;
30,4,44;
44,3,75;
5,4,9;
72,4,100;
91,3,159;
71,3,121;
56,4,78;
5,4,6;
48,3,82;
22,3,40;
87,4,122;
53,4,73;
48,4,66;
15,3,24;
38,3,67;
65,3,111;
27,4,40;
33,4,45;
83,3,142;
46,3,81;
26,4,35;
21,4,28;
17,3,28;
48,3,85;
57,4,82;
57,4,82;
86,4,120;
59,3,101;
87,4,122;
42,3,71;
39,3,66;
46,3,81;
50,3,85;
80,4,115;
50,4,72;
11,4,14;
80,3,137;
37,4,54;
49,3,83;
88,4,123;
29,3,52;
5,4,6;
67,3,118;
26,4,38;
80,3,140;
39,3,69;
7,3,14;
68,4,95;
69,3,118;
89,3,156;
53,3,90;
68,4,95;
14,4,18;
55,4,79;
90,4,129;
8,3,12;
78,4,109;
72,4,103;
54,4,75;
24,3,40;
78,3,137;
29,3,49;
67,3,115;
63,4,91;
45,4,65;
14,3,23;
26,3,44;
91,3,156;
65,4,93;
26,4,35;
61,4,88;
65,3,111;
51,4,71;
75,4,105;
97,3,170;
96,4,137;
27,3,48;
4,4,7;
62,4,86;
29,4,40;
64,4,89;
67,4,96;
53,3,93;
66,4,92;
28,3,47;
1,3,0;
2,4,1;
53,4,73;
7,4,8;
37,4,51;
100,4,143;
89,4,127;
47,3,83;
49,3,86;
52,3,92;
66,4,92;
55,3,94;
71,4,99;
40,4,58;
25,3,45;
45,3,76;
87,4,125;
21,3,35;
19,3,34;
84,4,117;
7,3,11;
97,3,170;
46,4,67;
97,3,167;
4,4,7;
60,4,86;
68,4,98;
71,3,124;
36,4,49;
6,3,12;
30,3,53;
68,4,95;
3,3,7;
65,3,114;
34,3,57;
47,3,80;
42,4,61;
93,3,160;
100,3,175;
45,3,79;
45,4,62;
37,3,66;
22,3,37;
91,3,159;
52,4,72;
93,3,163;
58,4,84;
46,3,78;
75,4,105;
26,4,38;
74,4,103;
24,4,32;
90,4,129;
96,3,165;
74,4,106;
38,3,64;
44,3,78;
62,4,89;
67,4,93;
70,4,97;
71,3,121;
20,4,27;
29,4,43;
47,4,68;
50,3,88;
48,4,66;
74,3,127;
58,4,84;
98,4,137;
94,4,134;
84,3,144;
96,3,168;
12,3,22;
5,3,7;
32,3,57;
59,3,101;
8,3,15;
64,3,112;
33,3,56;
10,3,19;
27,3,48;
61,4,88;
7,4,8;
36,3,61;
79,3,138;
84,3,144;
55,4,79;
46,3,81;
96,3,165;
8,3,15;
15,3,24;
31,3,55;
43,4,59;
22,3,37;
89,4,124;
9,4,11;
99,3,170;
29,4,43;
4,4,4;
33,3,56;
60,3,102;
26,4,35;
87,3,152;
54,4,78;
53,4,76;
43,4,62;
57,3,97;
97,3,167;
24,3,43;
50,3,85;
25,4,37;
90,3,157;
67,4,93;
48,4,66;
38,3,67;
34,3,60;
95,3,163;
36,3,61;
9,4,11;
77,4,107;
88,3,154;
92,3,161;
48,3,85;
36,4,49;
63,4,88;
98,4,140;
7,4,8;
26,3,44;
75,4,105;
30,3,50;
64,3,109;
17,4,23;
17,4,23;
77,3,135;
52,3,89;
29,4,40;
14,4,18;
26,3,47;
25,3,42;
56,4,78;
97,3,170;
71,4,102;
35,4,48;
79,3,138;
48,3,82;
97,3,170;
82,4,114;
67,3,118;
97,4,139;
47,3,83;
5,4,6;
77,3,132;
33,4,45;
99,4,139;
19,3,31;
91,3,159;
9,3,14;
85,4,122;
25,4,34;
10,3,19;
66,3,113;
52,4,72;
85,3,146;
37,3,63;
11,4,14;
88,4,123;
43,4,62;
81,4,116;
10,4,16;
58,4,84;
65,4,90;
52,3,92;
74,3,130;
8,4,10;
91,3,159;
96,4,134;
19,4,25;
22,4,33;
77,4,107;
89,3,153;
35,4,51;
100,3,175;
87,3,149;
47,3,80;
22,4,33;
52,3,92;
3,4,3;
96,3,168;
69,3,121;
40,4,58;
57,3,97;
5,3,7;
90,4,126;
22,4,30;
42,3,74;
2,3,2;
66,3,116;
84,4,120;
11,3,18;
3,4,6;
86,3,150;
3,4,6;
55,3,94;
25,4,37;
67,4,93;
29,3,49;
94,4,131;
25,3,42;
53,4,73;
98,4,137;
88,3,151;
71,4,99;
33,4,48;
95,4,136;
70,4,100;
96,4,137;
24,3,43;
25,4,34;
86,4,123;
34,4,47;
30,3,53;
27,3,45;
41,4,59;
42,3,71;
82,3,141;
60,3,102;
88,3,151;
93,4,130;
52,3,89;
95,4,133;
91,4,127;
67,4,93;
62,4,86;
87,3,152;
63,3,108;
69,4,96;
46,3,81;
41,3,73;
61,4,88;
11,4,17;
100,4,140;
69,3,121;
26,4,35;
29,3,52;
27,3,45;
35,3,62;
27,4,40;
66,3,113;
69,4,99;
98,4,140;
9,3,17;
34,4,47;
11,3,18;
89,3,153;
76,3,133;
96,3,168;
89,3,156;
89,3,156;
51,4,71;
52,4,75;
43,3,76;
8,3,15;
44,3,78;
94,3,161;
64,3,112;
95,3,166;
32,3,54;
11,3,18;
22,4,33;
75,4,108;
13,4,17;
28,4,38;
18,3,33;
80,4,112;
29,3,49;
69,3,118;
54,3,95;
63,3,108;
66,3,116;
30,3,53;
81,3,139;
63,3,108;
46,4,64;
25,4,37;
37,3,63;
17,3,28;
79,3,135;
23,4,31;
9,3,17;
64,3,109;
97,3,167;
97,4,136;
10,4,13;
37,3,63;
53,4,76;
24,4,35;
10,4,16;
5,3,10;
6,3,9;
84,3,144;
27,3,45;
80,4,112;
38,4,55;
36,4,52;
1,3,3;
5,3,10;
49,4,68;
72,3,123;
64,3,109;
51,3,87;
37,3,63;
83,3,145;
17,3,31;
90,3,154;
16,4,21;
34,3,57;
3,3,7;
54,4,78;
8,4,13;
62,3,106;
51,3,90;
11,3,18;
5,4,6;
88,3,154;
93,4,130;
37,4,51;
71,4,99;
28,4,41;
55,4,79;
42,4,58;
15,4,20;
66,4,92;
39,4,57;
62,4,89;
80,4,115;
91,3,159;
72,4,100;
46,4,64;
47,4,65;
60,3,105;
91,3,156;
75,3,128;
40,3,68;
99,3,173;
8,4,10;
3,3,7;
77,3,135;
15,3,24;
58,3,99;
73,4,102;
62,3,109;
58,3,99;
44,4,61;
80,3,140;
57,3,97;
47,4,65;
84,4,120;
6,4,10;
95,4,133;
38,4,52;
71,3,124;
5,3,7;
4,3,8;
36,3,64;
91,3,156;
88,3,151;
32,4,44;
82,3,144;
42,4,58;
56,4,78;
74,4,103;
39,4,57;
25,4,37;
54,3,92;
44,4,64;
31,4,45;
81,4,116;
96,3,168;
74,3,130;
34,4,47;
23,4,31;
46,4,67;
57,4,79;
28,4,38;
61,3,104;
42,4,58;
91,3,159;
12,3,22;
76,4,106;
82,4,114;
9,3,14;
57,4,79;
3,4,6;
32,4,44;
97,4,136;
13,3,21;
39,3,69;
37,4,54;
40,4,58;
31,4,45;
54,4,75;
69,4,96;
17,4,26;
73,3,128;
55,3,97;
77,3,132;
13,3,24;
72,3,123;
69,3,121;
39,3,66;
23,3,41;
3,3,4;
79,4,110;
72,3,126;
81,3,139;
13,4,17;
14,4,18;
51,4,71;
42,3,74;
53,3,90;
26,3,47;
29,4,40;
11,4,14;
39,4,54;
89,4,124;
10,4,16;
39,4,54;
62,4,86;
24,4,35;
23,4,31;
67,4,93;
88,3,154;
46,3,81;
29,3,49;
7,3,14;
9,4,11;
40,4,55;
56,4,81;
56,3,98;
34,4,47;
12,4,18;
83,4,116;
60,4,83;
49,4,71;
62,3,106;
60,4,86;
89,4,124;
78,3,137;
7,3,11;
85,3,149;
67,4,96;
38,3,67;
41,3,73;
93,3,163;
82,4,117;
51,4,71;
89,3,153;
2,3,2;
68,4,98;
61,3,107;
62,4,86;
14,4,18;
93,4,130;
42,4,61;
48,3,85;
50,4,69;
63,4,88;
9,3,14;
73,3,125;
58,4,81;
10,4,13;
43,3,73;
92,4,132;
14,3,23;
9,4,11;
78,4,112;
23,3,38;
13,3,24;
43,3,73;
34,4,47;
87,3,152;
13,4,20;
84,3,147;
95,4,136;
83,3,142;
48,4,69;
59,3,101;
18,3,30;
44,4,64;
29,4,40;
93,4,130;
93,3,160;
17,3,31;
39,3,66;
84,3,144;
11,4,17;
22,3,40;
33,4,45;
6,3,9;
2,3,2;
58,3,99;
88,3,151;
2,4,4;
75,3,128;
33,3,59;
63,3,111;
93,3,163;
32,4,47;
24,3,43;
81,4,113;
24,4,32;
81,3,142;
42,3,71;
60,3,102;
29,3,52;
51,4,74;
44,4,64;
95,3,166;
68,3,119;
3,3,7;
17,3,28;
65,3,114;
78,3,134;
65,3,111;
79,3,138;
28,3,50;
41,4,59;
27,4,37;
21,3,38;
89,3,156;
89,4,127;
87,3,152;
37,4,54;
48,4,66;
18,3,30;
100,3,172;
15,4,23;
90,3,157;
81,4,113;
59,4,82;
10,3,19;
83,3,142;
7,4,8;
35,4,48;
64,3,109;
12,4,15;
23,4,34;
32,3,57;
34,4,47;
39,4,54;
5,4,9;
73,3,125;
12,4,18;
41,3,73;
86,3,147;
83,3,142;
95,4,136;
28,4,38;
11,3,21;
64,3,109;
4,4,7;
38,4,52;
21,3,38;
14,4,18;
53,4,76;
89,3,153;
27,4,40;
11,4,14;
72,3,126;
96,3,165;
71,4,99;
29,4,43;
38,3,67;
36,4,52;
13,3,21;
9,4,11;
97,4,136;
22,3,40;
3,4,6;
51,3,87;
71,4,99;
96,3,168;
86,4,123;
2,3,5;
43,4,59;
39,4,54;
67,4,93;
91,3,156;
28,3,47;
91,3,159;
3,3,7;
99,4,139;
7,3,11;
18,3,33;
7,4,11;
35,4,48;
8,3,12;
60,4,83;
50,3,85;
88,3,151;
41,4,56;
3,4,3;
17,4,23;
53,3,93;
28,4,41;
52,3,92;
71,3,121;
66,4,92;
48,4,66;
78,3,137;
11,4,17;
43,3,76;
55,3,94;
6,4,10;
20,3,36;
16,3,26;
66,3,116;
22,4,30;
25,4,37;
34,3,57;
61,4,85;
42,4,61;
32,3,57;
11,4,14;
10,4,13;
36,4,49;
32,3,57;
70,3,123;
89,4,127;
74,3,127;
18,3,33;
38,3,67;
41,4,59;
19,3,31;
62,3,106;
17,3,28;
100,4,143;
83,3,142;
48,3,85;
43,3,73;
12,4,15;
71,4,99;
31,4,42;
95,3,163;
18,4,24;
63,3,111;
52,4,75;
49,4,68;
75,3,128;
28,3,50;
55,4,76;
59,3,101;
81,3,142;
24,4,32;
34,3,57;
59,4,85;
74,4,103;
68,4,95;
78,4,109;
39,4,54;
59,4,82;
66,4,95;
45,4,65;
22,3,37;
96,3,165;
38,4,55;
34,4,50;
31,4,45;
71,3,121;
44,3,75;
44,3,75;
7,4,11;
57,4,79;
98,4,137;
81,3,142;
67,3,115;
96,4,134;
15,3,27;
86,4,123;
78,4,112;
91,4,127;
64,4,92;
22,3,37;
3,4,3;
4,3,5;
65,3,114;
2,3,5;
45,3,79;
96,3,168;
16,3,29;
33,3,59;
13,4,17;
29,3,52;
64,4,92;
99,4,142;
2,4,1;
79,4,113;
50,4,72;
38,4,52;
37,4,54;
3,4,3;
28,4,41;
73,3,125;
89,3,153;
28,3,50;
32,4,47;
82,4,117;
68,3,116;
59,4,85;
84,3,144;
60,4,83;
23,3,38;
16,3,26;
59,3,101;
41,3,73;
46,4,64;
32,3,57;
99,4,142;
34,4,47;
69,4,99;
99,4,139;
67,3,115;
84,3,147;
21,4,31;
31,4,45;
98,4,140;
16,3,29;
65,4,93;
63,4,88;
75,3,128;
71,3,121;
39,3,69;
4,3,5;
39,4,54;
61,3,104;
25,4,37;
11,3,18;
22,3,40;
23,4,31;
49,3,86;
10,4,16;
52,3,92;
74,4,106;
24,4,32;
87,4,122;
48,3,82;
77,3,135;
5,4,9;
19,4,25;
46,4,67;
5,3,10;
92,4,129;
100,4,143;
22,4,33;
70,4,97;
53,3,90;
7,4,11;
95,3,163;
77,4,107;
64,3,112;
77,3,135;
36,4,52;
86,3,150;
96,3,165;
81,4,116;
15,4,20;
11,4,17;
18,3,30;
98,3,171;
3,4,6;
11,3,21;
61,4,88;
2,3,5;
4,4,7;
28,3,47;
35,3,62;
79,3,138;
66,4,92;
87,4,122;
35,4,48;
57,3,100;
25,4,34;
20,3,33;
65,3,114;
11,3,21;
75,4,108;
14,3,23;
65,4,90;
55,4,79;
8,4,13;
36,4,49;
58,4,81;
60,4,86;
17,3,31;
9,4,14;
69,3,121;
71,3,121;
61,4,88;
15,4,23;
26,4,35;
28,3,47;
24,3,43;
7,3,14;
14,4,18;
100,4,143;
2,3,2;
5,3,7;
38,4,52;
16,4,24;
21,3,35;
26,4,38;
89,3,156;
47,3,80;
4,4,4;
86,3,147;
85,4,119;
28,3,47;
50,3,88;
48,4,69;
87,4,122;
99,4,142;
7,3,11;
52,4,72;
45,3,79;
25,4,34;
90,3,157;
64,4,89;
22,3,40;
19,3,31;
51,3,87;
29,4,43;
31,4,42;
92,4,132;
17,4,23;
19,3,34;
64,4,89;
60,3,105;
95,3,163;
42,4,61;
79,4,110;
69,3,118;
8,4,13;
96,4,137;
48,4,66;
12,4,15;
64,4,92;
73,3,128;
93,4,130;
63,4,88;
100,3,175;
84,3,144;
58,4,84;
80,3,140;
65,4,93;
25,3,42;
65,4,93;
80,4,112;
85,4,119;
60,3,105;
88,3,151;
55,4,79;
68,3,116;
82,4,114;
65,4,90;
42,4,58;
21,4,31;
23,4,31;
64,3,109;
55,3,97;
58,3,99;
23,4,31;
86,4,120;
28,4,41;
76,3,130;
77,3,132;
82,4,117;
48,4,69;
33,3,59;
33,3,56;
93,4,130;
78,4,112;
27,4,40;
27,4,40;
14,4,18;
30,3,50;
21,3,38;
19,3,31;
10,4,13;
65,4,93;
20,3,33;
97,3,167;
83,3,145;
73,4,102;
1,4,3;
100,4,140;
96,3,168;
32,3,57;
71,3,124;
11,3,18;
100,3,172;
68,4,95;
80,3,140;
70,4,100;
57,3,100;
32,3,57;
68,3,119;
11,4,17;
6,4,7;
16,3,26;
2,4,4;
44,3,75;
22,4,30;
85,3,149;
90,3,157;
72,4,103;
66,4,92;
25,4,37;
40,4,58;
65,4,90;
63,3,108;
96,4,134;
17,4,23;
51,4,74;
69,4,99;
58,4,81;
31,3,55;
77,3,135;
5,4,9;
75,3,128;
95,4,136;
29,4,40;
28,4,41;
82,4,114;
88,4,123;
73,3,128;
67,4,93;
51,4,71;
8,3,15;
3,3,4;
47,4,65;
94,3,164;
13,4,17;
35,4,51;
84,3,147;
50,4,72;
59,3,101;
68,3,119;
15,3,27;
45,3,79;
42,3,74;
67,3,118;
55,3,97;
77,4,107;
1,3,0;
41,4,59;
48,4,66;
80,4,112;
70,4,100;
86,3,147;
31,3,52;
25,3,42;
26,3,44;
67,3,118;
75,4,105;
7,4,8;
73,4,102;
39,4,54;
39,4,54;
44,4,61;
79,4,110;
50,3,85;
96,4,137;
46,3,78;
69,3,121;
3,4,3;
87,4,125;
59,3,101;
34,3,60;
56,4,78;
27,3,45;
62,3,106;
79,3,135;
79,3,138;
37,4,54;
29,4,43;
2,3,2;
17,4,26;
42,3,71;
12,4,18;
23,4,34;
10,4,16;
30,3,53;
36,4,52;
28,4,41;
23,4,34;
47,4,68;
55,3,97;
74,3,127;
86,3,150;
71,4,102;
82,3,141;
1,4,0;
24,3,43;
23,4,31;
77,3,132;
82,3,141;
71,4,102;
34,3,57;
41,4,56;
11,3,21;
26,4,38;
71,4,99;
83,4,119;
79,4,113;
59,3,104;
38,4,55;
75,3,128;
69,3,121;
99,3,173;
85,4,122;
99,4,139;
76,4,109;
56,3,95;
99,3,173;
4,4,4;
5,3,7;
98,3,168;
90,3,157;
88,3,154;
54,4,75;
63,4,88;
5,4,6;
53,3,90;
87,3,149;
77,4,107;
4,3,5;
61,3,104;
54,4,75;
54,4,75;
15,4,23;
38,3,64;
47,3,83;
35,3,62;
33,3,56;
1,4,0;
46,3,81;
35,4,51;
56,4,78;
25,4,34;
7,3,14;
34,4,47;
96,4,137;
59,4,85;
4,3,8;
96,4,134;
82,3,144;
36,4,49;
16,4,24;
49,3,83;
55,3,94;
91,3,159;
43,3,76;
97,3,167;
41,4,59;
21,4,28;
26,3,47;
36,4,49;
36,4,52;
75,3,128;
92,4,132;
73,4,105;
14,3,26;
19,3,34;
29,3,49;
15,3,24;
12,3,19;
88,3,151;
43,3,76;
70,4,100;
4,4,4;
56,4,78;
93,4,133;
76,4,106;
77,3,135;
37,3,66;
9,4,14;
24,4,35;
11,3,18;
47,3,83;
28,4,41;
83,4,119;
50,4,72;
91,4,127;
38,3,67;
30,4,44;
16,3,29;
24,3,43;
82,3,141;
56,3,95;
33,3,59;
98,3,171;
61,4,88;
21,4,28;
75,3,128;
48,4,69;
37,3,63;
10,4,13;
74,3,130;
26,4,38;
82,3,144;
81,3,139;
92,4,129;
25,4,37;
23,3,38;
78,3,134;
34,3,60;
79,4,113;
9,4,14;
13,3,24;
80,3,140;
58,4,84;
7,4,11;
25,4,34;
39,3,66;
76,3,133;
6,3,9;
40,4,55;
42,4,58;
65,4,93;
60,3,102;
45,3,76;
23,3,41;
26,4,35;
83,4,116;
47,4,68;
52,3,92;
81,3,142;
88,3,154;
29,3,52;
20,3,36;
27,3,48;
32,4,44;
80,4,112;
79,3,135;
2,3,2;
88,4,123;
68,4,95;
99,3,173;
86,4,120;
91,3,156;
21,4,28;
34,3,60;
2,3,2;
40,3,71;
15,4,20;
4,3,8;
60,4,83;
73,3,128;
81,3,139;
5,4,9;
62,3,109;
72,4,100;
97,4,136;
41,3,70;
19,4,25;
61,3,107;
46,4,64;
24,4,32;
31,4,45;
99,4,142;
56,3,95;
9,4,11;
21,4,28;
52,3,92;
81,3,142;
40,4,58;
89,3,153;
10,3,19;
66,4,92;
6,4,10;
23,3,41;
75,3,128;
13,4,17;
59,3,104;
34,3,60;
54,4,75;
100,3,175;
27,4,37;
84,3,147;
5,3,10;
25,3,45;
35,3,62;
4,3,8;
65,3,114;
77,3,135;
5,4,9;
90,4,126;
48,4,69;
15,3,27;
82,4,114;
52,3,89;
10,4,16;
37,3,66;
67,4,93;
77,3,135;
50,4,72;
54,4,78;
73,4,102;
45,3,79;
54,3,92;
20,3,36;
96,3,168;
79,3,138;
55,4,76;
100,4,140;
59,4,85;
85,4,119;
10,3,16;
70,3,123;
36,4,49;
15,4,20;
34,4,47;
22,3,40;
47,3,80;
83,4,116;
93,3,160;
68,4,95;
38,3,64;
86,4,120;
3,4,6;
25,3,45;
40,3,71;
99,4,142;
35,4,48;
52,4,75;
66,4,95;
2,3,5;
3,3,4;
52,4,72;
24,3,40;
36,3,64;
87,4,125;
79,3,138;
26,4,38;
15,3,24;
17,3,31;
62,3,106;
64,4,92;
30,3,53;
24,4,35;
71,4,99;
41,3,70;
34,3,57;
67,3,115;
71,4,99;
98,4,137;
31,3,52;
85,4,122;
53,3,90;
7,3,11;
52,4,72;
96,4,134;
91,3,156;
31,3,52;
14,3,23;
1,3,0;
67,3,115;
43,3,76;
73,4,102;
89,3,153;
1,3,0;
19,3,34;
28,3,50;
63,3,108;
99,3,173;
68,4,98;
95,4,133;
93,4,130;
64,3,112;
4,4,7;
8,4,13;
8,4,13;
16,4,24;
3,4,3;
5,3,7;
23,3,41;
100,4,143;
46,3,81;
50,3,85;
82,4,117;
69,3,118;
52,4,75;
28,3,47;
98,4,137;
87,4,122;
60,4,83;
2,3,2;
71,4,102;
54,3,95;
49,3,83;
69,3,118;
75,3,131;
67,3,118;
19,3,31;
20,4,27;
40,4,58;
60,3,102;
52,3,89;
42,3,71;
35,3,59;
99,4,139;
52,3,89;
35,3,62;
29,4,43;
87,3,149;
12,3,19;
66,3,113;
6,3,12;
100,4,140;
29,4,43;
29,3,52;
58,4,84;
22,3,40;
33,4,45;
43,3,76;
88,4,126;
67,4,93;
20,3,36;
89,4,124;
64,4,89;
66,3,113;
24,4,35;
79,4,113;
31,4,45;
27,4,37;
56,3,98;
73,4,102;
58,4,84;
89,3,153;
72,4,103;
28,3,47;
63,3,108;
70,4,97;
36,3,64;
34,3,60;
66,3,116;
76,3,130;
30,3,53;
61,3,104;
76,3,133;
98,4,140;
36,4,52;
66,3,116;
11,4,14;
30,3,50;
15,3,27;
63,3,111;
29,3,52;
98,3,168;
77,4,107;
53,4,76;
39,4,54;
78,3,137;
9,3,14;
70,3,120;
85,3,146;
37,4,54;
20,4,30;
76,3,133;
25,3,42;
67,3,118;
5,4,6;
62,4,86;
3,4,3;
93,3,163;
89,3,153;
89,3,153;
12,4,18;
77,4,110;
71,4,102;
90,4,126;
29,4,40;
66,3,116;
55,3,94;
55,3,97;
57,3,100;
90,4,129;
82,3,141;
8,3,15;
6,3,9;
11,3,21;
32,3,54;
68,4,98;
13,3,21;
23,4,34;
88,4,126;
49,3,83;
24,3,43;
58,4,81;
35,3,62;
63,4,91;
84,3,144;
83,3,145;
24,3,43;
46,4,64;
17,4,23;
36,3,61;
43,4,62;
18,3,30;
51,3,87;
66,3,113;
26,3,47;
57,4,79;
58,4,84;
87,3,152;
45,3,79;
13,3,21;
18,3,33;
90,3,154;
30,3,53;
24,4,32;
15,4,23;
19,4,25;
3,3,7;
11,3,18;
65,3,111;
76,3,130;
5,3,7;
59,3,104;
44,3,78;
58,3,102;
33,4,48;
83,4,119;
76,4,106;
79,4,113;
28,4,41;
87,3,152;
74,4,106;
50,4,69;
19,4,28;
22,3,37;
96,4,134;
48,3,85;
40,3,68;
64,4,89;
49,3,83;
52,3,92;
13,3,24;
67,3,115;
79,4,110;
82,3,141;
58,3,99;
76,4,106;
48,4,66;
78,3,134;
80,3,140;
47,4,68;
65,4,93;
68,3,116;
73,3,128;
61,4,88;
29,4,40;
69,3,118;
97,3,170;
64,3,109;
15,4,23;
68,3,119;
20,4,27;
23,4,34;
90,4,129;
32,3,54;
4,4,7;
33,3,56;
27,4,40;
8,3,15;
50,3,88;
76,4,109;
9,4,11;
87,3,152;
15,3,27;
20,3,36;
1,3,0;
91,4,127;
41,3,70;
23,4,31;
72,4,103;
54,4,78;
36,3,61;
71,3,124;
11,4,17;
73,3,128;
46,3,81;
88,3,154;
60,4,86;
45,3,76;
90,4,129;
68,4,95;
56,3,98;
27,3,45;
78,4,109;
70,3,123;
71,3,121;
44,4,61;
44,3,75;
97,3,167;
76,3,130;
67,4,93;
37,3,63;
19,3,34;
9,4,14;
69,3,121;
44,4,64;
97,4,136;
7,4,8;
30,3,53;
24,3,43;
19,4,25;
85,4,119;
4,3,8;
42,3,74;
9,4,11;
10,4,16;
29,4,40;
37,3,63;
12,3,19;
28,3,47;
72,3,126;
89,4,124;
33,4,45;
27,4,37;
42,4,61;
18,3,30;
54,3,92;
58,3,102;
63,3,108;
74,4,103;
15,4,20;
18,3,30;
93,4,130;
89,3,156;
76,4,106;
49,3,86;
97,3,167;
24,4,32;
71,4,99;
52,4,75;
96,3,168;
47,3,80;
29,4,43;
64,4,92;
68,4,98;
59,3,101;
94,4,131;
49,4,71;
92,4,129;
42,3,71;
58,4,84;
37,4,54;
80,3,137;
50,4,72;
38,4,55;
83,4,119;
43,3,73;
7,3,14;
21,3,35;
32,4,47;
62,3,106;
30,4,41;
86,4,123;
27,4,40;
5,4,6;
15,4,23;
12,3,22;
93,3,163;
23,3,38;
82,4,114;
37,3,66;
68,4,98;
97,3,167;
85,3,149;
39,3,66;
82,3,144;
19,3,34;
37,3,66;
89,3,156;
40,4,55;
1,4,3;
25,3,45;
77,3,132;
61,4,88;
19,3,34;
8,3,15;
5,4,6;
71,3,124;
11,3,18;
29,3,49;
46,3,78;
72,3,123;
13,4,17;
2,3,5;
58,4,84;
34,4,47;
34,4,50;
5,3,7;
6,4,10;
4,3,8;
2,4,4;
37,4,54;
2,4,4;
21,3,38;
58,3,99;
86,3,150;
24,3,43;
36,4,49;
5,4,6;
36,3,64;
51,4,71;
36,4,52;
6,4,10;
26,3,47;
52,4,75;
75,4,108;
29,3,52;
38,3,67;
10,3,16;
62,4,86;
40,4,58;
89,4,124;
41,4,56;
81,3,142;
60,4,83;
9,3,14;
11,4,14;
90,4,129;
37,3,66;
63,3,111;
5,3,10;
73,4,105;
92,4,129;
2,3,2;
31,3,55;
26,3,47;
91,4,127;
70,4,100;
78,3,134;
36,4,49;
57,4,79;
68,4,95;
3,3,4;
80,3,137;
41,3,73;
69,4,99;
5,4,6;
48,3,85;
53,3,90;
89,4,127;
8,3,12;
86,3,147;
31,4,45;
6,4,7;
69,4,99;
61,4,88;
6,3,12;
100,4,143;
23,3,41;
71,3,124;
41,3,73;
79,4,113;
10,4,13;
40,4,55;
88,4,126;
45,4,62;
41,4,56;
54,3,92;
43,4,59;
73,3,128;
51,3,87;
31,3,52;
98,3,168;
23,3,38;
77,4,107;
97,4,136;
51,3,90;
46,3,78;
37,3,66;
8,3,12;
36,4,52;
28,4,41;
49,4,68;
80,3,137;
22,4,33;
32,3,57;
15,3,24;
94,4,134;
8,4,13;
24,3,43;
79,4,110;
76,4,106;
82,3,141;
92,4,132;
99,4,142;
42,3,71;
84,3,147;
15,3,27;
69,4,96;
8,3,15;
50,4,72;
57,4,82;
34,4,50;
27,3,48;
39,3,69;
41,4,59;
54,3,92;
17,4,23;
68,4,98;
65,4,90;
99,3,173;
94,3,161;
93,3,163;
74,4,106;
83,4,119;
82,4,114;
92,4,129;
66,3,116;
5,4,6;
75,4,108;
62,3,106;
86,3,147;
100,4,143;
77,4,110;
79,4,113;
2,4,1;
35,4,51;
27,4,37;
97,4,136;
75,3,131;
36,3,61;
37,4,54;
39,3,69;
79,3,135;
89,3,153;
95,4,136;
96,4,134;
5,4,9;
47,3,83;
61,4,88;
57,4,79;
72,4,103;
1,3,3;
20,4,30;
52,3,89;
59,3,101;
99,4,142;
46,3,81;
11,4,14;
49,4,71;
45,4,62;
37,3,63;
76,4,109;
51,4,74;
7,3,11;
62,3,106;
1,4,0;
35,4,48;
48,4,66;
69,3,121;
52,3,89;
91,4,127;
31,4,42;
47,3,83;
88,3,151;
2,3,5;
47,3,83;
95,4,136;
82,3,144;
21,3,38;
10,3,16;
61,4,88;
93,3,160;
56,3,98;
51,3,90;
75,3,128;
79,3,138;
46,4,67;
36,3,64;
50,3,85;
68,4,98;
24,3,43;
67,4,96;
66,4,95;
1,3,3;
37,3,63;
98,4,140;
4,4,7;
39,3,69;
42,4,58;
39,3,69;
35,3,62;
14,3,23;
29,3,52;
63,3,111;
49,3,86;
96,3,168;
11,3,18;
5,3,7;
83,4,116;
92,4,129;
9,3,17;
18,4,27;
97,3,167;
77,3,135;
42,4,58;
6,3,12;
53,3,90;
29,3,52;
5,4,9;
53,3,93;
44,3,78;
20,4,30;
72,4,100;
30,4,44;
98,4,137;
3,4,6;
41,3,70;
54,4,75;
74,4,106;
75,4,105;
79,3,138;
74,4,106;
17,3,31;
44,4,64;
42,4,61;
53,3,93;
8,4,13;
2,4,4;
47,4,68;
5,4,6;
86,4,123;
43,3,73;
84,4,117;
52,3,92;
37,3,63;
38,3,64;
31,3,55;
5,3,10;
69,3,118;
38,3,64;
33,3,59;
13,4,20;
40,3,68;
94,4,131;
95,3,163;
26,3,44;
13,3,21;
84,4,120;
26,3,44;
7,3,11;
23,4,31;
59,4,85;
67,4,96;
6,3,12;
43,3,73;
42,4,61;
97,3,170;
17,3,31;
64,3,112;
51,3,90;
8,4,10;
99,3,173;
11,3,18;
40,3,71;
76,3,130;
66,3,116;
74,3,130;
19,4,25;
63,3,111;
80,3,140;
38,4,52;
63,3,111;
90,4,126;
29,4,43;
75,4,108;
72,4,100;
7,3,14;
100,3,172;
7,3,11;
93,3,160;
2,4,4;
68,3,119;
4,3,8;
46,3,81;
73,4,102;
96,4,137;
49,4,71;
4,4,4;
62,4,86;
35,3,62;
44,3,75;
100,3,172;
35,4,51;
41,4,59;
9,3,14;
12,3,19;
49,3,86;
69,3,121;
2,3,5;
45,4,62;
4,4,7;
3,4,3;
89,4,127;
56,3,95;
99,3,170;
37,3,66;
74,3,127;
9,3,14;
62,3,106;
63,4,88;
40,3,68;
91,3,156;
71,3,124;
45,4,65;
14,4,21;
10,4,13;
25,3,42;
49,3,83;
53,4,73;
13,4,17;
25,3,45;
90,4,129;
36,4,52;
22,4,33;
52,4,72;
58,3,102;
95,4,133;
19,3,31;
25,3,45;
46,3,78;
18,3,33;
32,4,44;
80,4,115;
79,4,113;
64,4,89;
15,4,23;
28,3,47;
89,3,153;
24,4,35;
42,4,61;
53,3,90;
30,4,41;
25,3,45;
32,3,57;
18,4,24;
43,4,62;
34,3,57;
79,4,113;
42,3,74;
76,3,133;
9,3,17;
51,4,74;
93,4,133;
93,4,133;
32,4,44;
30,3,50;
10,3,16;
53,4,73;
31,4,45;
26,4,35;
68,4,95;
96,3,168;
13,3,24;
96,4,134;
36,3,61;
20,3,36;
27,3,48;
36,4,52;
65,3,111;
3,3,4;
12,4,18;
25,3,42;
64,3,112;
77,4,110;
16,3,29;
30,3,53;
37,4,54;
49,3,86;
17,4,23;
86,4,123;
10,4,16;
36,3,64;
75,4,105;
78,3,137;
51,3,87;
53,4,73;
97,4,139;
65,3,114;
25,3,42;
72,4,100;
60,4,86;
6,3,9;
59,3,101;
48,3,82;
49,3,83;
18,4,24;
80,3,137;
31,3,52;
29,4,40;
38,3,67;
16,3,29;
26,3,47;
5,4,9;
89,4,127;
23,3,38;
34,4,50;
54,3,95;
19,4,28;
81,3,139;
9,4,14;
65,3,111;
10,4,16;
4,4,7;
78,3,137;
66,4,95;
71,4,99;
18,3,33;
35,3,59;
56,3,95;
58,3,99;
90,4,129;
63,4,88;
73,4,105;
26,3,47;
70,4,100;
11,4,14;
76,3,130;
48,3,85;
92,4,129;
66,3,116;
44,3,75;
51,4,74;
87,3,149;
97,4,139;
24,4,32;
37,4,51;
9,3,14;
9,3,17;
68,3,116;
87,3,152;
35,4,48;
83,4,119;
16,4,21;
78,4,112;
36,3,64;
28,3,47;
16,4,24;
31,4,42;
91,3,156;
45,4,65;
14,3,23;
72,3,123;
35,4,48;
82,3,144;
19,3,34;
95,3,166;
21,3,35;
5,3,10;
31,3,52;
52,4,75;
21,3,35;
44,3,75;
17,3,28;
23,3,38;
91,4,127;
18,3,33;
88,3,154;
61,4,85;
28,3,50;
18,3,33;
40,4,58;
62,3,106;
10,4,13;
96,4,134;
87,3,149;
37,3,63;
81,3,142;
27,4,40;
86,4,120;
95,3,163;
97,4,139;
59,3,101;
33,3,56;
85,4,122;
57,3,100;
54,3,92;
94,3,161;
92,4,129;
67,3,118;
53,3,93;
4,3,5;
13,4,20;
86,4,120;
39,3,69;
65,4,93;
56,3,95;
80,4,112;
23,4,34;
61,3,107;
96,4,137;
92,4,129;
72,4,100;
77,4,107;
39,4,57;
10,3,16;
10,4,13;
24,3,43;
46,3,81;
16,3,26;
35,3,59;
18,4,24;
45,3,76;
32,3,57;
12,3,19;
81,3,139;
41,4,59;
39,3,69;
21,4,28;
29,4,40;
9,3,17;
80,3,137;
98,4,140;
9,4,14;
65,3,111;
26,3,44;
16,3,29;
80,3,137;
69,4,96;
17,3,28;
55,3,94;
16,3,29;
16,3,29;
35,3,62;
88,3,151;
37,3,66;
44,4,61;
51,4,71;
77,4,110;
33,4,48;
91,3,159;
59,3,101;
9,3,14;
98,4,140;
94,4,134;
11,4,14;
20,3,33;
29,3,52;
60,3,102;
19,3,34;
55,4,79;
92,3,158;
98,3,171;
1,4,3;
18,3,33;
79,4,113;
1,3,0;
40,3,68;
24,4,35;
24,3,40;
44,3,75;
62,3,106;
62,3,109;
80,3,140;
64,4,92;
98,3,171;
15,3,27;
74,3,127;
56,4,81;
39,4,57;
96,4,134;
29,3,49;
15,3,24;
61,3,104;
93,4,133;
76,4,109;
77,4,107;
80,4,115;
4,3,8;
39,4,54;
56,3,98;
58,3,102;
33,3,56;
68,4,98;
25,4,34;
90,4,126;
19,4,25;
78,3,134;
29,3,49;
12,4,18;
64,4,92;
76,4,106;
25,4,37;
16,3,29;
32,3,57;
99,3,173;
55,4,76;
78,4,112;
90,3,157;
91,4,127;
73,4,105;
74,3,130;
3,3,7;
71,3,124;
59,3,101;
98,3,171;
99,4,142;
11,4,17;
1,3,0;
27,4,37;
33,3,56;
70,3,123;
32,3,57;
38,3,64;
7,3,11;
42,3,71;
87,3,152;
8,3,12;
7,4,8;
1,4,0;
51,3,87;
22,4,30;
41,3,73;
16,4,21;
47,4,65;
56,3,95;
61,4,88;
38,4,52;
96,4,137;
8,3,15;
58,4,81;
89,4,127;
43,3,73;
18,3,30;
58,3,102;
44,3,75;
65,3,111;
92,4,129;
50,3,88;
69,3,121;
90,3,157;
80,3,140;
5,3,7;
14,4,18;
27,3,48;
38,4,55;
68,4,95;
12,4,15;
23,3,41;
70,4,97;
86,4,123;
34,4,47;
4,4,7;
92,3,158;
57,3,100;
39,3,66;
57,4,79;
67,3,118;
49,4,71;
15,4,20;
44,4,61;
1,3,3;
60,3,105;
90,3,154;
57,3,100;
62,3,106;
74,4,103;
95,3,163;
41,3,73;
88,4,126;
79,3,135;
20,3,33;
85,3,149;
100,3,172;
83,4,116;
32,4,44;
58,3,102;
99,3,170;
93,4,133;
93,3,163;
66,3,113;
65,3,111;
81,3,142;
13,3,24;
69,4,96;
30,3,50;
48,3,85;
50,3,88;
27,4,40;
49,3,83;
80,4,115;
15,4,20;
62,3,109;
34,4,50;
96,4,134;
24,3,43;
67,4,96;
78,3,134;
100,4,143;
14,3,26;
98,3,171;
29,3,52;
5,4,9;
1,3,0;
91,4,127;
38,4,55;
86,4,120;
82,4,117;
64,4,89;
45,3,79;
62,3,109;
23,4,34;
62,3,109;
26,3,44;
27,4,40;
43,4,59;
92,3,158;
61,4,85;
82,3,144;
46,4,67;
39,3,66;
23,3,38;
14,3,26;
42,4,58;
71,4,99;
77,4,107;
71,3,121;
16,3,29;
56,4,78;
47,3,83;
67,3,118;
82,3,144;
35,4,48;
75,3,131;
55,3,97;
76,4,109;
50,4,69;
35,4,51;
17,3,28;
88,3,154;
99,3,170;
56,3,95;
86,4,120;
27,4,37;
91,4,130;
97,4,136;
67,3,115;
54,3,92;
61,3,104;
58,3,102;
52,4,72;
88,3,154;
93,4,130;
27,4,37;
95,3,163;
10,4,16;
53,4,76;
4,4,7;
28,4,41;
90,4,129;
18,3,30;
9,3,17;
15,4,20;
30,3,53;
30,4,44;
11,4,17;
73,4,102;
64,4,89;
4,3,8;
51,3,90;
93,3,160;
33,3,59;
76,4,109;
69,3,118;
57,3,97;
98,3,171;
96,4,134;
96,4,137;
54,3,95;
82,3,141;
71,3,124;
92,3,158;
60,3,105;
29,3,49;
26,4,38;
50,4,72;
27,4,40;
43,4,62;
44,3,75;
59,4,82;
40,4,55;
24,4,32;
97,3,167;
17,4,23;
53,4,76;
14,4,18;
90,3,154;
41,3,73;
51,4,71;
100,3,175;
15,3,27;
76,3,133;
91,3,156;
25,3,45;
98,3,168;
98,4,140;
63,4,88;
74,3,130;
8,4,10;
85,3,146;
24,4,32;
45,3,76;
60,3,105;
39,4,54;
6,4,10;
6,4,7;
31,3,55;
21,3,35;
14,3,26;
43,3,76;
3,4,3;
37,3,66;
26,4,38;
31,3,52;
10,3,19;
60,3,105;
24,3,40;
96,4,137;
32,3,54;
100,4,143;
5,4,9;
88,3,154;
38,3,67;
96,4,134;
35,4,48;
27,3,45;
12,3,22;
28,4,38;
37,4,54;
12,4,18;
97,4,139;
50,3,88;
5,3,10;
89,4,127;
42,4,61;
64,3,112;
3,4,3;
46,4,67;
88,4,123;
42,4,58;
67,3,115;
65,4,93;
71,4,99;
97,4,136;
27,4,40;
75,3,131;
46,4,64;
98,3,168;
6,3,12;
43,3,73;
22,3,37;
59,4,82;
35,4,51;
68,3,116;
81,4,113;
5,4,9;
47,4,68;
9,4,14;
84,4,117;
64,3,109;
17,3,28;
25,3,45;
18,4,24;
37,4,51;
62,3,109;
70,4,97;
18,3,33;
72,3,126;
59,3,101;
93,4,133;
78,4,109;
81,3,139;
54,4,75;
24,3,40;
67,4,93;
80,4,115;
99,3,173;
16,4,24;
18,4,27;
74,3,130;
94,4,131;
46,4,67;
94,4,131;
17,3,28;
72,4,103;
80,3,137;
79,4,113;
48,4,66;
2,4,1;
60,3,102;
31,3,52;
69,4,96;
58,4,84;
3,4,6;
92,4,129;
93,4,130;
45,4,65;
47,3,83;
97,4,136;
34,3,60;
45,4,65;
22,3,40;
69,3,118;
51,4,74;
36,4,52;
100,4,140;
63,3,108;
73,3,128;
67,3,118;
5,4,6;
31,4,42;
54,4,78;
50,4,69;
62,4,86;
90,3,157;
54,3,92;
95,3,166;
22,4,30;
80,3,137;
91,3,156;
52,3,89;
80,3,137;
10,4,16;
39,3,66;
13,4,20;
77,4,110;
11,3,18;
66,4,95;
94,4,134;
40,4,58;
36,4,49;
97,3,167;
11,4,17;
19,4,28;
2,3,5;
6,3,9;
52,4,75;
96,4,137;
29,3,49;
58,4,81;
45,3,76;
33,3,56;
69,4,99;
25,4,37;
50,4,69;
44,4,61;
26,4,35;
84,4,117;
97,4,136;
76,4,109;
7,3,11;
62,3,106;
21,4,28;
60,4,83;
79,4,113;
16,3,29;
72,4,103;
100,3,172;
12,4,18;
37,4,51;
11,4,17;
68,3,116;
50,3,88;
95,3,163;
2,4,4;
7,4,8;
37,4,54;
93,4,130;
3,4,6;
27,3,48;
93,3,160;
91,3,156;
47,3,83;
23,3,41;
70,4,97;
27,4,37;
46,4,64;
22,4,33;
69,4,99;
65,4,93;
92,3,158;
6,3,12;
63,3,111;
10,3,19;
51,4,71;
37,3,66;
22,3,40;
56,3,95;
56,3,95;
79,4,110;
53,3,93;
99,3,170;
22,3,40;
23,4,31;
49,4,68;
65,3,114;
40,4,55;
64,4,92;
4,4,7;
92,3,161;
56,3,95;
87,4,122;
46,4,64;
72,4,100;
52,4,75;
20,3,33;
2,3,5;
98,3,168;
36,4,52;
60,3,102;
2,4,1;
45,3,79;
100,4,140;
67,4,93;
4,3,8;
36,3,61;
76,3,133;
97,3,167;
29,4,40;
98,3,168;
39,4,54;
88,4,123;
47,4,65;
33,3,59;
66,3,116;
83,4,119;
75,4,105;
98,4,140;
68,3,116;
55,3,97;
35,3,62;
14,3,26;
62,3,109;
31,4,45;
11,3,18;
83,4,119;
87,4,125;
75,4,108;
88,3,154;
46,3,81;
46,4,67;
23,4,31;
34,3,57;
39,3,66;
73,4,105;
75,3,131;
49,3,83;
86,4,120;
46,4,64;
62,4,86;
31,4,45;
34,4,50;
14,4,18;
44,3,75;
49,4,71;
88,3,154;
39,4,57;
63,4,91;
91,3,156;
21,3,35;
42,3,71;
21,3,35;
80,3,140;
15,4,23;
95,4,133;
94,3,164;
46,3,81;
99,4,139;
32,3,57;
63,3,108;
73,3,128;
8,3,12;
55,4,79;
18,3,33;
22,4,33;
58,4,84;
100,4,140;
6,3,9;
80,3,137;
14,3,26;
89,3,153;
33,4,48;
86,4,123;
60,3,102;
78,3,137;
97,4,139;
60,4,83;
26,3,44;
2,3,2;
96,3,165;
29,4,43;
3,3,7;
65,4,93;
85,4,119;
91,4,127;
16,4,24;
67,3,118;
49,4,68;
39,3,66;
53,4,73;
51,4,74;
44,4,61;
69,4,99;
61,4,85;
19,4,28;
22,3,37;
88,3,154;
71,3,121;
93,3,163;
26,4,35;
37,4,51;
7,4,11;
21,4,31;
59,3,104;
48,4,69;
79,4,113;
13,4,20;
32,3,57;
36,3,61;
14,4,18;
14,4,18;
33,3,59;
30,3,53;
20,3,36;
14,4,21;
89,3,156;
96,3,168;
7,3,14;
40,3,71;
14,3,26;
21,4,28;
59,4,85;
40,3,71;
31,4,45;
39,3,69;
39,3,66;
5,3,10;
40,4,58;
2,3,5;
66,3,116;
73,3,125;
88,3,154;
93,4,130;
36,4,49;
40,3,71;
31,4,42;
31,3,52;
12,4,18;
98,3,171;
60,4,83;
76,3,130;
64,3,109;
80,3,137;
23,4,31;
53,4,76;
49,4,68;
72,4,103;
9,3,14;
31,4,45;
16,3,26;
7,3,11;
47,4,68;
87,4,122;
33,3,56;
27,3,45;
26,4,38;
26,3,44;
34,4,50;
99,4,139;
29,3,49;
27,4,40;
76,4,106;
66,3,116;
25,3,45;
48,3,82;
24,3,43;
39,3,66;
66,3,116;
39,3,66;
11,3,18;
36,4,52;
10,3,16;
56,4,81;
44,4,61;
34,4,47;
56,4,81;
69,3,118;
12,4,15;
95,3,163;
19,4,25;
66,3,116;
14,4,18;
83,3,142;
32,3,57;
35,3,59;
51,3,87;
57,4,82;
99,4,139;
10,4,16;
16,4,24;
13,3,24;
50,3,88;
94,3,161;
81,3,142;
16,3,26;
55,3,97;
83,4,116;
88,3,154;
57,4,79;
86,3,147;
38,4,55;
88,3,151;
18,3,33;
40,3,68;
76,3,130;
39,3,66;
65,3,111;
73,3,125;
17,4,26;
59,4,85;
93,3,160;
46,3,81;
25,3,45;
78,3,137;
79,4,113;
18,4,27;
46,4,67;
9,4,14;
21,3,38;
53,3,90;
55,4,76;
6,4,7;
97,3,170;
4,3,8;
88,4,126;
54,3,92;
83,4,116;
90,3,154;
28,4,41;
67,4,93;
73,4,105;
24,4,32;
2,4,4;
40,4,55;
53,4,76;
28,3,50;
31,3,55;
44,4,61;
81,4,113;
16,3,26;
61,4,85;
57,3,100;
100,3,175;
41,4,56;
95,3,163;
33,4,48;
72,4,103;
55,4,76;
6,4,10;
85,3,149;
32,4,47;
34,4,47;
76,4,106;
62,3,106;
70,4,100;
50,3,85;
94,3,164;
75,3,131;
99,4,142;
47,4,68;
41,3,70;
7,3,14;
28,4,41;
89,4,124;
60,3,102;
8,4,13;
44,3,75;
75,4,105;
31,4,42;
16,3,26;
97,4,139;
11,3,21;
35,3,62;
49,4,68;
64,4,92;
86,4,123;
7,3,14;
48,3,82;
22,4,33;
28,3,47;
24,4,32;
91,3,159;
96,3,165;
59,4,85;
67,3,115;
91,3,156;
3,4,6;
10,3,19;
52,3,92;
53,3,93;
88,4,123;
29,4,43;
63,3,111;
64,3,109;
43,4,59;
1,3,3;
59,3,101;
40,4,58;
10,3,19;
83,3,145;
2,3,5;
37,4,54;
34,4,47;
26,4,38;
73,3,128;
77,4,110;
25,4,34;
18,4,24;
99,4,139;
58,4,84;
8,3,15;
70,3,120;
7,3,11;
54,4,78;
38,3,64;
17,3,31;
77,4,107;
41,3,73;
78,4,109;
2,3,2;
83,3,145;
61,3,104;
7,3,14;
7,4,11;
85,4,119;
23,4,31;
57,4,79;
97,4,136;
63,4,88;
45,3,76;
98,4,137;
55,4,79;
25,4,34;
55,3,94;
10,4,16;
88,4,123;
4,4,4;
90,3,154;
43,4,62;
35,4,48;
27,4,37;
100,3,172;
92,4,132;
95,4,136;
45,3,76;
16,4,24;
22,3,37;
34,3,57;
75,3,131;
14,4,21;
94,4,134;
64,4,89;
54,3,95;
99,4,142;
88,3,151;
100,4,143;
84,3,147;
86,4,123;
43,3,76;
77,3,132;
6,3,12;
16,3,26;
26,3,47;
24,4,32;
50,4,69;
84,4,120;
78,3,137;
17,4,23;
85,4,122;
56,4,81;
28,3,50;
61,4,85;
9,3,14;
51,3,87;
69,4,96;
22,4,30;
44,4,64;
90,3,154;
36,3,61;
33,3,56;
32,4,47;
40,4,55;
93,4,130;
63,3,108;
25,4,34;
1,3,3;
20,4,30;
86,4,120;
88,4,126;
35,4,51;
69,3,121;
16,3,26;
5,3,10;
81,4,116;
61,3,107;
74,4,103;
49,4,68;
80,3,140;
21,4,31;
97,4,139;
7,4,8;
28,4,38;
34,4,47;
99,3,173;
5,3,7;
27,3,48;
79,3,138;
6,4,10;
63,4,88;
73,4,102;
45,4,62;
8,4,13;
83,4,116;
87,4,125;
66,4,95;
22,3,37;
35,4,48;
29,3,49;
84,3,147;
75,4,108;
36,3,61;
35,3,59;
43,4,59;
63,4,88;
42,4,61;
18,4,24;
50,3,88;
90,3,157;
52,3,92;
40,4,58;
100,4,143;
85,4,122;
43,4,59;
54,4,78;
7,4,8;
30,4,41;
63,3,108;
36,4,49;
89,3,156;
13,3,24;
96,3,165;
95,4,136;
25,3,42;
96,3,165;
40,3,68;
38,4,52;
51,4,71;
66,3,116;
11,4,14;
43,4,59;
57,3,97;
61,3,107;
5,4,6;
14,3,26;
85,3,149;
53,4,73;
65,3,111;
56,4,78;
7,4,8;
15,3,27;
56,4,78;
37,4,51;
61,3,107;
83,3,142;
59,4,85;
2,3,5;
67,3,115;
52,4,72;
44,3,75;
88,4,126;
53,3,90;
9,3,14;
68,3,116;
46,3,81;
93,3,160;
91,3,156;
44,3,75;
15,4,23;
31,3,55;
18,3,33;
79,3,135;
11,3,18;
44,3,78;
96,4,134;
82,3,144;
53,4,76;
26,4,35;
43,3,73;
77,3,135;
2,3,5;
18,4,24;
92,4,132;
90,3,154;
77,4,107;
46,3,81;
19,4,28;
62,3,109;
9,3,14;
34,3,57;
79,3,138;
2,4,4;
25,4,37;
77,4,107;
46,4,64;
45,4,62;
57,3,100;
77,4,107;
16,3,26;
11,4,17;
16,4,24;
92,3,158;
59,3,104;
74,3,127;
87,4,125;
72,3,126;
67,3,118;
35,3,59;
33,3,56;
88,4,126;
74,3,127;
29,4,43;
26,3,44;
31,4,42;
2,4,1;
26,4,35;
62,3,106;
84,3,147;
13,3,24;
91,4,127;
73,3,125;
3,4,3;
4,3,5;
12,4,15;
65,4,93;
71,4,102;
65,4,93;
60,3,105;
78,3,137;
21,4,28;
51,4,74;
41,4,59;
85,3,146;
68,4,95;
35,3,62;
63,4,91;
70,3,123;
89,3,156;
100,4,143;
47,3,83;
38,3,67;
2,3,2;
67,3,115;
63,4,91;
11,3,18;
79,4,110;
45,4,65;
64,4,92;
33,4,45;
45,3,76;
71,3,124;
74,4,106;
91,3,159;
88,4,126;
29,4,40;
14,4,21;
67,3,115;
68,4,98;
38,3,67;
68,3,116;
2,4,1;
34,4,50;
61,3,104;
45,4,65;
88,4,123;
78,3,134;
18,3,33;
80,4,115;
58,3,99;
65,3,114;
10,4,16;
91,4,130;
10,4,13;
8,3,12;
64,3,109;
95,3,166;
90,3,154;
87,3,149;
15,4,20;
66,3,116;
14,4,18;
10,3,16;
29,4,43;
46,4,64;
29,3,49;
43,4,62;
85,4,122;
90,3,154;
17,4,23;
14,4,21;
31,4,42;
27,3,48;
42,4,58;
70,4,97;
74,4,103;
100,4,143;
86,3,147;
88,3,151;
66,3,113;
25,3,45;
93,3,160;
10,3,19;
22,3,40;
7,3,14;
69,4,99;
42,4,61;
84,3,147;
33,4,48;
55,3,97;
7,4,11;
38,4,52;
77,4,110;
60,4,83;
70,3,120;
26,4,35;
47,4,65;
16,4,24;
92,3,161;
46,4,67;
20,4,27;
60,4,83;
45,3,79;
100,4,140;
46,3,78;
100,4,140;
11,3,21;
34,3,60;
98,3,171;
63,3,108;
86,4,123;
66,3,116;
60,3,105;
15,4,23;
86,3,147;
28,3,50;
56,3,95;
38,3,64;
37,4,54;
48,3,82;
4,3,5;
9,3,14;
22,4,33;
45,3,76;
75,3,131;
41,3,70;
96,4,137;
95,3,163;
50,4,72;
64,4,92;
61,4,88;
41,3,73;
87,4,125;
67,3,115;
3,4,6;
22,4,33;
28,3,47;
88,3,151;
3,4,3;
69,4,99;
65,4,90;
87,4,122;
58,3,99;
28,4,41;
28,4,38;
32,4,47;
2,4,1;
58,4,84;
17,3,31;
57,4,79;
24,3,43;
66,3,116;
38,3,67;
24,3,43;
55,3,94;
69,3,118;
28,3,47;
80,3,137;
82,3,141;
20,3,36;
70,3,120;
82,4,117;
53,3,93;
16,3,26;
69,4,96;
57,4,79;
90,3,157;
36,3,64;
87,4,125;
87,4,125;
29,4,40;
16,3,29;
34,4,47;
6,4,7;
97,4,139;
40,4,58;
69,4,99;
85,3,149;
99,3,173;
28,4,41;
86,4,120;
33,4,45;
31,4,42;
100,3,172;
41,3,73;
16,3,26;
91,3,159;
62,3,109;
91,4,130;
24,4,35;
92,3,161;
37,4,54;
20,3,36;
3,3,4;
66,4,95;
76,3,130;
90,3,157;
56,4,78;
26,3,47;
20,3,36;
87,3,152;
2,3,5;
50,3,88;
85,4,122;
92,4,129;
77,3,132;
57,3,97;
43,3,76;
28,3,50;
32,4,47;
99,4,142;
82,3,144;
22,3,40;
85,4,119;
82,3,144;
19,4,28;
10,3,16;
2,3,5;
43,3,73;
3,4,6;
50,4,69;
70,4,100;
53,4,73;
36,4,52;
86,3,147;
62,4,86;
48,3,82;
19,4,28;
68,4,98;
97,3,167;
30,4,44;
92,4,132;
47,3,83;
92,3,161;
77,4,107;
96,4,134;
37,4,54;
43,4,59;
99,4,139;
32,4,47;
58,4,84;
3,4,3;
44,3,78;
82,3,141;
12,3,22;
19,3,31;
69,3,121;
48,4,66;
88,4,123;
25,4,34;
13,3,21;
30,3,53;
83,3,145;
58,4,81;
54,3,92;
35,4,48;
21,4,31;
49,4,68;
8,3,12;
15,4,23;
73,3,128;
32,3,57;
39,4,54;
35,3,59;
80,4,115;
60,3,105;
90,3,154;
66,4,92;
17,3,31;
82,4,114;
14,3,26;
50,4,69;
21,3,35;
68,4,98;
77,3,132;
21,3,35;
10,4,13;
91,3,159;
63,4,91;
88,3,154;
47,3,83;
99,4,139;
9,4,14;
86,3,150;
20,4,30;
9,4,14;
71,3,121;
100,4,140;
9,4,11;
99,3,173;
20,4,27;
81,3,142;
89,3,156;
75,4,105;
28,3,50;
44,3,78;
4,3,5;
97,3,167;
10,3,19;
86,4,123;
25,4,34;
48,3,85;
67,3,115;
20,3,36;
55,3,97;
58,4,81;
64,3,109;
42,4,58;
60,3,102;
86,3,150;
53,4,73;
66,4,95;
96,3,168;
5,4,6;
1,3,0;
9,3,14;
38,3,67;
40,4,55;
47,3,83;
10,3,16;
90,3,154;
28,4,38;
23,3,38;
81,3,139;
91,4,127;
21,4,28;
99,3,173;
95,4,133;
100,3,175;
63,4,91;
88,4,126;
14,4,18;
64,4,92;
19,3,31;
75,4,105;
83,4,116;
38,4,55;
7,3,14;
64,3,112;
50,3,85;
36,4,52;
81,4,113;
100,4,140;
91,3,156;
92,4,129;
28,4,38;
30,4,44;
18,4,27;
23,4,34;
55,4,76;
66,3,113;
64,3,112;
85,3,146;
13,4,17;
21,4,28;
77,4,110;
75,3,131;
40,4,58;
91,3,159;
78,3,137;
3,3,4;
22,3,40;
21,3,38;
36,4,52;
28,3,50;
92,3,161;
23,4,31;
43,4,62;
48,3,82;
36,4,52;
93,4,130;
53,3,93;
46,3,81;
27,3,45;
36,4,49;
49,4,71;
78,3,137;
58,3,99;
46,3,78;
13,4,17;
50,4,69;
31,4,42;
90,3,157;
96,3,165;
56,4,81;
80,4,112;
22,3,40;
92,3,158;
45,4,62;
26,4,38;
74,3,130;
22,3,40;
33,4,45;
57,4,82;
94,3,161;
24,4,32;
20,4,30;
24,4,32;
88,4,123;
79,3,135;
84,3,144;
60,4,83;
73,3,128;
21,3,38;
47,3,83;
76,3,130;
25,4,34;
95,3,166;
96,3,168;
52,3,89;
44,3,78;
89,3,153;
69,4,96;
39,4,57;
40,4,55;
51,3,87;
34,3,57;
52,4,75;
74,4,103;
29,4,40;
71,4,99;
99,4,142;
84,4,117;
46,4,64;
16,4,24;
67,4,93;
22,3,37;
17,4,26;
61,3,107;
54,4,75;
39,4,57;
90,4,129;
70,3,120;
26,3,47;
35,3,59;
95,3,163;
95,4,136;
51,3,90;
98,3,171;
76,3,130;
94,4,134;
6,3,12;
95,4,136;
40,3,71;
85,3,146;
55,4,76;
20,3,33;
32,4,44;
53,3,90;
50,3,85;
28,3,47;
37,3,63;
77,3,135;
38,4,55;
50,3,88;
19,3,31;
42,3,71;
73,4,105;
31,4,42;
34,4,47;
33,3,56;
6,3,12;
12,3,22;
41,4,59;
49,4,68;
44,4,61;
100,3,172;
24,3,43;
43,3,76;
32,3,54;
67,4,96;
61,4,88;
79,4,113;
7,3,14;
48,3,85;
18,4,27;
7,4,11;
66,4,92;
100,3,175;
84,3,147;
66,4,92;
93,3,160;
80,3,137;
11,4,14;
63,3,108;
3,3,4;
84,3,144;
66,3,116;
90,3,157;
57,3,100;
19,4,25;
87,4,122;
77,3,135;
32,3,54;
95,3,166;
45,3,76;
91,3,159;
31,3,52;
25,3,45;
23,4,31;
27,4,40;
84,3,147;
55,4,76;
2,4,1;
79,3,138;
97,4,136;
99,3,170;
67,4,96;
63,4,88;
44,4,61;
71,3,121;
55,4,76;
10,3,19;
50,3,88;
90,3,154;
11,4,14;
52,3,89;
26,3,47;
77,4,110;
62,4,86;
78,3,137;
11,3,21;
72,4,103;
72,3,126;
27,4,37;
69,4,99;
96,4,134;
46,3,78;
12,3,19;
92,3,161;
59,3,101;
98,4,140;
14,4,18;
97,4,136;
1,3,3;
71,3,121;
5,4,6;
80,4,115;
70,4,97;
83,3,145;
46,4,64;
4,3,5;
70,3,123;
77,4,110;
20,4,27;
9,3,14;
90,3,157;
53,3,93;
60,4,83;
21,4,28;
60,3,105;
73,4,105;
80,4,112;
5,4,6;
100,4,143;
88,4,126;
57,4,79;
7,4,8;
39,4,54;
78,4,109;
56,3,98;
36,3,64;
17,3,31;
54,3,95;
46,3,81;
77,3,132;
17,4,23;
15,3,24;
55,4,76;
23,3,38;
67,4,96;
34,4,50;
70,4,100;
29,3,49;
21,3,35;
39,3,69;
19,3,31;
33,3,56;
15,4,20;
33,4,48;
87,4,122;
89,3,153;
96,3,165;
88,3,154;
50,4,72;
6,3,9;
36,4,49;
32,4,47;
19,4,28;
80,3,140;
68,3,119;
47,4,68;
100,4,143;
6,3,12;
70,3,123;
53,4,76;
73,4,102;
26,3,47;
71,4,99;
43,4,59;
87,4,122;
30,4,44;
4,4,7;
24,3,43;
44,4,64;
46,4,67;
15,4,20;
69,4,96;
62,3,109;
20,3,36;
87,4,122;
64,4,89;
55,3,97;
87,3,152;
26,4,38;
85,3,149;
92,4,129;
17,4,26;
3,3,7;
83,3,145;
30,4,41;
61,3,104;
99,3,173;
47,3,80;
63,3,108;
71,3,124;
8,4,13;
74,4,103;
94,3,164;
62,3,106;
17,4,23;
34,4,47;
54,4,75;
54,3,92;
55,3,94;
71,3,124;
84,4,117;
53,4,76;
18,4,24;
78,4,109;
20,4,27;
12,3,22;
51,3,90;
56,4,81;
45,4,65;
60,4,83;
15,4,23;
30,3,53;
24,3,40;
80,4,112;
6,3,12;
47,4,65;
82,3,144;
17,3,31;
29,3,52;
99,3,173;
1,3,3;
76,3,130;
52,3,89;
92,4,129;
23,4,31;
71,3,121;
79,3,138;
43,3,73;
68,4,95;
90,3,154;
13,4,20;
77,4,110;
63,4,88;
56,3,98;
89,3,153;
50,4,69;
14,3,23;
76,4,106;
100,3,175;
64,4,89;
41,4,59;
10,4,13;
10,4,13;
55,4,79;
27,3,48;
78,3,137;
20,4,27;
53,3,93;
73,3,125;
48,3,85;
80,3,137;
51,3,87;
55,3,97;
93,3,160;
58,3,102;
59,3,101;
6,4,10;
92,3,161;
60,4,86;
45,4,62;
58,3,102;
72,4,100;
97,3,167;
70,3,120;
76,4,109;
57,4,82;
96,3,165;
8,4,13;
17,4,26;
33,4,45;
49,3,83;
72,3,126;
79,4,113;
40,4,55;
89,4,124;
30,4,44;
13,3,24;
68,4,98;
53,3,93;
15,3,27;
55,4,76;
82,4,114;
34,3,60;
1,4,3;
36,3,61;
15,4,20;
57,3,100;
40,4,55;
34,4,50;
18,4,24;
57,4,82;
96,3,165;
90,4,126;
87,3,152;
23,3,38;
84,3,147;
72,4,103;
17,3,31;
15,4,20;
97,3,170;
51,3,90;
9,4,14;
79,3,138;
55,4,79;
91,3,159;
63,4,88;
64,3,112;
69,3,118;
54,4,78;
63,3,111;
54,4,75;
74,4,103;
25,4,37;
13,4,20;
23,4,34;
19,3,34;
77,4,110;
36,4,49;
92,4,132;
6,4,7;
6,3,9;
100,4,143;
54,3,95;
13,3,24;
42,3,74;
57,3,97;
67,3,118;
19,3,34;
74,3,127;
61,4,88;
10,4,13;
62,4,89;
33,4,48;
82,3,144;
57,3,97;
96,3,165;
53,4,73;
42,3,74;
92,3,161;
33,3,56;
72,4,103;
78,3,134;
42,3,74;
56,3,95;
12,3,22;
5,4,6;
12,3,19;
78,3,134;
20,3,36;
42,4,58;
60,3,102;
33,4,48;
75,4,108;
98,4,137;
39,3,66;
13,3,21;
48,4,69;
8,3,12;
60,3,105;
89,4,124;
39,3,66;
25,3,42;
27,3,45;
100,4,140;
63,4,91;
10,3,19;
35,3,62;
26,3,47;
94,4,131;
49,4,68;
88,3,151;
24,3,40;
5,4,6;
89,3,156;
80,4,112;
43,4,62;
25,3,45;
74,4,106;
100,3,172;
25,3,45;
44,3,78;
60,3,102;
62,3,109;
70,4,100;
11,3,21;
86,3,150;
29,3,52;
73,3,125;
61,3,107;
73,3,128;
49,3,86;
57,4,79;
46,3,81;
13,3,24;
53,3,90;
31,3,52;
29,3,49;
59,4,85;
38,4,52;
83,4,116;
11,4,14;
8,3,12;
42,3,74;
14,3,23;
11,3,21;
100,4,143;
79,4,113;
27,4,40;
80,3,140;
4,4,4;
55,4,79;
38,3,64;
93,4,133;
20,3,36;
5,3,7;
41,4,59;
11,4,17;
85,4,122;
48,4,69;
4,3,5;
42,3,74;
29,3,52;
5,4,6;
77,3,132;
36,4,52;
43,3,73;
37,3,66;
2,3,5;
22,4,30;
54,4,75;
48,3,82;
3,3,4;
76,3,130;
98,4,137;
69,4,99;
76,3,133;
26,3,47;
16,4,24;
90,4,126;
52,3,92;
16,4,24;
94,4,131;
60,3,105;
93,4,133;
73,3,125;
67,3,118;
52,4,75;
18,3,33;
57,4,82;
28,3,50;
5,3,10;
68,4,98;
93,4,130;
13,3,21;
62,3,109;
17,3,31;
88,3,154;
87,3,152;
69,4,99;
98,3,168;
96,4,137;
45,3,79;
77,3,132;
16,4,24;
55,4,76;
6,3,12;
48,4,66;
95,4,136;
32,4,47;
8,3,15;
64,4,89;
8,3,12;
95,4,136;
95,3,166;
71,3,124;
49,4,68;
31,4,45;
28,3,47;
9,4,14;
32,4,47;
20,4,30;
73,3,125;
21,4,28;
47,3,83;
51,3,90;
51,4,71;
40,4,58;
62,4,86;
43,3,73;
41,3,73;
92,3,158;
75,3,128;
33,4,45;
73,3,125;
42,4,61;
3,4,3;
99,4,139;
24,4,32;
85,3,146;
69,4,96;
32,3,57;
5,3,7;
36,3,61;
28,4,38;
50,3,88;
3,4,3;
86,4,123;
50,4,72;
39,3,69;
73,4,102;
80,3,137;
5,4,6;
37,3,66;
5,3,10;
20,3,33;
53,3,90;
78,3,134;
100,3,172;
57,4,79;
7,3,11;
75,4,105;
62,4,86;
58,4,84;
5,3,10;
63,4,88;
57,4,79;
1,4,3;
48,4,66;
78,3,134;
77,4,107;
11,4,17;
44,4,64;
16,3,29;
88,3,151;
98,3,168;
55,3,94;
20,3,36;
69,4,96;
93,4,133;
79,4,113;
73,4,102;
69,4,96;
15,3,24;
67,4,96;
47,4,68;
66,4,95;
91,3,156;
79,3,138;
6,3,9;
88,3,154;
39,3,66;
56,4,81;
31,3,55;
83,4,119;
51,3,90;
81,4,113;
93,4,133;
44,4,64;
25,4,34;
51,3,87;
10,4,13;
49,4,71;
98,3,171;
74,4,103;
46,3,81;
26,4,38;
89,3,156;
33,3,59;
27,3,45;
14,3,23;
94,3,164;
26,4,35;
49,3,83;
54,3,95;
95,3,163;
56,4,81;
78,4,109;
18,4,24;
33,3,56;
46,3,78;
57,3,100;
76,4,106;
57,4,79;
71,3,124;
82,3,141;
90,3,157;
31,4,45;
69,4,96;
58,3,102;
27,3,45;
81,4,113;
90,4,129;
71,4,99;
39,3,69;
45,4,62;
40,3,71;
99,3,173;
56,3,98;
38,4,55;
28,3,47;
37,3,66;
41,3,73;
46,4,64;
43,3,73;
39,3,69;
19,4,25;
12,3,22;
92,3,161;
58,3,102;
29,4,43;
51,3,87;
34,3,60;
51,4,74;
48,3,85;
90,3,154;
19,3,31;
81,3,142;
20,4,30;
65,3,114;
79,3,138;
86,4,120;
28,3,50;
20,4,27;
2,4,4;
13,3,21;
97,3,167;
26,4,38;
67,3,118;
46,3,81;
100,3,175;
68,4,95;
51,3,87;
5,4,6;
48,4,66;
32,3,54;
45,4,62;
79,4,113;
31,3,52;
59,3,101;
7,4,11;
49,4,68;
34,3,60;
99,4,142;
45,3,76;
8,3,12;
96,3,165;
82,4,117;
77,3,135;
14,3,26;
78,3,137;
10,3,16;
4,4,4;
75,4,105;
56,3,95;
49,3,86;
4,4,7;
4,4,7;
100,4,140;
38,4,55;
36,4,49;
76,4,109;
61,4,88;
61,4,88;
62,4,89;
25,3,45;
78,4,112;
27,4,40;
47,3,83;
60,3,102;
100,4,143;
80,3,137;
48,4,69;
78,3,134;
81,4,113;
96,3,168;
45,3,79;
25,4,34;
12,3,19;
82,3,144;
39,3,69;
21,3,38;
50,3,85;
62,4,86;
33,3,56;
89,3,153;
98,4,140;
90,3,154;
77,3,135;
86,3,147;
67,3,115;
78,4,109;
76,4,109;
80,4,112;
60,4,86;
52,4,72;
4,4,4;
44,4,64;
14,4,18;
88,4,126;
34,4,50;
51,3,87;
95,3,163;
53,4,73;
86,4,123;
74,3,130;
40,3,71;
45,4,65;
69,3,118;
73,4,105;
3,4,3;
96,3,165;
46,4,67;
86,4,123;
1,3,0;
78,3,134;
75,4,105;
54,3,95;
3,3,7;
68,4,95;
30,4,41;
71,4,102;
70,3,123;
23,4,31;
44,3,78;
46,4,64;
37,3,66;
16,4,21;
70,3,120;
97,3,170;
99,4,139;
17,3,28;
48,3,82;
85,3,149;
94,4,134;
100,3,172;
53,4,76;
52,3,89;
8,4,13;
66,3,116;
85,3,149;
15,4,20;
95,4,136;
34,4,50;
30,3,50;
96,4,134;
14,3,26;
46,3,78;
13,3,24;
35,3,62;
10,3,19;
1,3,0;
74,3,130;
62,3,106;
98,4,140;
32,4,47;
9,4,14;
80,4,115;
62,3,106;
61,3,107;
4,4,7;
57,3,97;
85,3,149;
48,4,69;
18,3,33;
57,4,79;
76,3,133;
68,3,116;
48,4,69;
99,3,173;
8,4,13;
51,4,74;
64,3,109;
45,4,65;
29,4,43;
52,4,72;
65,3,111;
3,4,6;
52,3,89;
22,3,40;
87,4,125;
90,4,126;
66,3,116;
22,4,30;
30,3,50;
33,3,59;
10,4,16;
30,4,41;
72,3,126;
55,3,97;
12,3,19;
2,3,5;
2,4,1;
79,3,138;
6,4,7;
84,3,147;
88,4,123;
68,4,98;
26,3,47;
58,4,81;
84,3,147;
73,4,105;
74,4,106;
73,4,105;
45,4,65;
74,3,130;
21,4,31;
73,3,125;
25,4,34;
22,3,40;
9,3,14;
88,3,154;
28,4,38;
62,3,109;
82,3,144;
98,4,140;
1,4,3;
62,3,106;
1,3,3;
88,3,154;
21,4,31;
72,4,100;
80,4,112;
37,3,63;
58,4,84;
89,4,124;
93,4,130;
50,3,88;
69,3,121;
90,3,157;
31,4,42;
67,4,96;
94,4,134;
1,4,3;
45,4,65;
43,3,73;
53,4,76;
92,3,161;
47,3,80;
27,3,45;
81,3,142;
54,4,75;
5,3,10;
21,3,35;
2,4,1;
55,3,94;
19,4,28;
30,3,53;
64,4,92;
67,3,118;
27,4,40;
35,3,59;
95,3,166;
1,4,0;
60,3,105;
40,3,71;
10,3,16;
74,4,103;
74,4,106;
97,4,136;
60,4,83;
49,4,71;
73,3,125;
82,4,114;
100,3,172;
30,4,44;
59,3,101;
43,3,76;
4,3,5;
33,4,45;
77,4,107;
92,3,158;
43,3,76;
87,3,152;
32,3,54;
54,3,95;
88,4,123;
48,4,69;
20,4,30;
44,4,64;
71,3,124;
2,3,5;
12,4,18;
88,4,126;
66,4,92;
24,4,32;
95,3,166;
69,4,99;
90,3,157;
36,4,52;
21,3,35;
100,4,140;
19,3,34;
73,3,128;
13,4,20;
21,4,31;
8,4,10;
52,3,89;
61,4,88;
89,4,127;
100,4,143;
55,3,94;
95,4,133;
33,4,45;
6,4,10;
13,3,24;
59,3,101;
96,3,165;
16,4,24;
70,4,97;
30,3,53;
48,3,85;
31,4,42;
71,3,121;
10,3,19;
28,4,38;
88,3,154;
53,3,93;
29,3,52;
60,3,105;
38,4,55;
42,3,74;
62,4,89;
42,3,71;
11,4,14;
33,3,56;
86,4,120;
24,3,40;
69,4,96;
76,4,106;
19,4,28;
37,3,63;
87,3,152;
16,4,21;
78,4,109;
49,4,71;
99,3,173;
94,3,161;
75,4,105;
38,3,67;
76,3,130;
81,3,139;
79,3,138;
44,4,61;
84,3,147;
36,3,61;
26,3,47;
58,3,102;
51,3,87;
70,4,100;
58,3,99;
44,4,64;
50,4,72;
53,3,90;
87,4,122;
1,3,0;
28,3,50;
7,4,11;
93,4,133;
15,3,27;
18,4,27;
37,3,66;
23,4,31;
43,3,76;
14,3,23;
67,3,115;
76,3,130;
91,3,159;
51,3,90;
42,3,71;
72,3,123;
26,4,38;
58,4,84;
51,4,71;
76,4,106;
22,4,30;
4,3,5;
88,3,154;
82,4,117;
89,4,127;
62,3,106;
8,4,10;
79,4,110;
88,3,151;
53,3,93;
45,4,65;
71,4,102;
97,4,139;
77,3,135;
90,4,126;
96,3,168;
34,4,47;
84,4,117;
2,3,2;
3,3,7;
25,3,45;
8,3,15;
10,3,19;
79,4,113;
62,3,106;
55,4,79;
29,3,49;
57,3,97;
75,3,131;
45,3,76;
53,4,73;
9,3,14;
83,3,142;
99,3,170;
7,4,8;
53,3,90;
26,3,47;
59,4,85;
78,3,134;
79,3,135;
64,4,92;
74,3,127;
24,4,35;
41,4,56;
40,3,68;
89,3,156;
12,4,15;
10,3,19;
30,3,53;
98,3,168;
32,4,47;
30,3,53;
3,3,7;
52,3,92;
60,4,86;
49,4,68;
19,3,34;
52,3,89;
38,3,64;
28,3,47;
53,3,93;
95,3,166;
58,4,84;
85,4,122;
38,3,64;
70,4,97;
47,3,83;
77,4,107;
67,3,115;
39,3,66;
76,4,106;
96,4,134;
49,3,83;
8,4,10;
48,3,82;
100,3,175;
19,3,34;
12,3,19;
57,4,79;
78,3,134;
31,3,55;
16,3,29;
29,3,52;
90,4,129;
58,4,84;
66,4,95;
41,3,73;
32,4,44;
76,3,133;
27,4,37;
57,3,100;
49,3,83;
92,4,129;
93,3,163;
46,4,64;
20,3,36;
72,3,123;
2,3,2;
63,4,91;
95,4,133;
17,3,31;
37,3,66;
47,3,83;
20,4,30;
21,4,28;
93,4,133;
76,4,106;
52,3,89;
77,3,132;
79,3,135;
74,4,103;
80,4,112;
71,4,99;
100,4,143;
80,3,137;
51,3,87;
63,4,88;
8,3,12;
36,4,52;
55,3,94;
17,4,23;
86,3,147;
6,4,10;
29,4,43;
95,4,136;
66,4,92;
32,3,54;
43,4,62;
64,3,112;
8,4,10;
21,3,38;
18,3,33;
21,3,35;
39,3,66;
20,3,36;
37,3,66;
2,3,5;
44,4,61;
6,3,12;
8,4,10;
1,4,3;
60,4,83;
30,3,53;
80,4,112;
99,4,142;
34,4,47;
69,4,99;
35,4,51;
20,4,30;
15,4,20;
51,3,90;
25,4,37;
43,3,76;
43,3,73;
50,3,88;
15,3,27;
53,3,93;
72,3,123;
28,4,41;
25,4,34;
12,3,22;
84,4,120;
6,3,12;
34,4,47;
57,4,79;
19,3,34;
47,4,65;
64,3,112;
60,3,102;
78,4,109;
57,4,79;
95,3,166;
71,4,102;
96,4,134;
76,4,109;
86,4,123;
76,3,133;
7,4,11;
100,3,172;
25,4,37;
56,3,98;
83,4,119;
44,4,61;
27,4,37;
92,3,161;
60,4,83;
59,3,101;
63,4,88;
91,4,130;
87,3,152;
40,4,55;
44,3,78;
97,4,139;
10,3,16;
18,4,27;
64,4,92;
37,3,66;
10,4,16;
87,4,122;
87,3,149;
32,3,54;
11,4,14;
77,3,132;
18,3,33;
2,4,1;
9,3,17;
27,4,40;
15,3,27;
25,4,34;
92,4,132;
55,3,94;
15,4,23;
89,4,124;
62,4,89;
16,4,21;
63,4,91;
19,3,34;
73,3,125;
93,4,130;
11,3,21;
20,4,27;
63,4,88;
98,4,137;
46,4,64;
93,3,163;
69,3,118;
79,3,135;
64,3,109;
1,4,0;
34,3,57;
81,4,116;
5,3,7;
75,3,131;
24,4,32;
46,3,78;
10,4,13;
26,4,35;
75,3,131;
36,3,64;
14,3,23;
4,4,4;
11,4,14;
17,3,28;
39,3,66;
76,3,130;
100,4,140;
21,4,31;
56,3,95;
43,4,62;
98,3,171;
89,4,124;
77,4,107;
56,3,98;
16,3,29;
71,4,99;
73,3,125;
26,4,35;
14,3,26;
78,4,109;
70,4,100;
96,4,134;
40,3,71;
54,3,95;
96,3,165;
92,4,132;
12,4,18;
65,3,111;
71,3,121;
47,3,80;
22,4,30;
48,4,66;
49,4,68;
72,4,103;
100,3,175;
41,3,73;
56,4,81;
72,4,103;
34,4,47;
52,4,75;
87,3,152;
64,4,89;
65,4,93;
17,4,26;
25,4,37;
85,4,122;
8,4,10;
42,3,74;
82,4,114;
8,3,15;
67,4,96;
28,4,38;
63,3,108;
1,4,3;
34,4,47;
1,4,3;
9,3,17;
50,3,88;
4,4,7;
22,3,40;
66,4,92;
77,3,132;
92,3,161;
18,4,24;
65,3,114;
63,4,91;
73,4,105;
8,3,12;
43,4,59;
100,4,143;
35,3,62;
4,4,7;
46,3,81;
34,4,47;
72,4,103;
11,3,18;
42,3,71;
53,3,93;
81,3,142;
71,4,99;
95,3,166;
14,4,18;
74,4,103;
34,4,47;
62,4,89;
52,4,75;
37,3,66;
14,3,26;
5,4,6;
55,4,76;
64,4,92;
58,3,99;
79,3,138;
49,3,83;
68,3,119;
85,3,149;
29,3,49;
50,3,88;
100,3,175;
88,3,151;
88,3,154;
94,3,164;
30,3,50;
56,4,81;
100,4,140;
9,4,11;
61,3,107;
83,4,119;
56,4,81;
20,3,36;
83,4,116;
9,3,14;
86,3,147;
81,3,139;
12,4,15;
45,4,62;
8,3,12;
86,3,147;
10,4,16;
46,4,67;
3,4,6;
40,3,71;
29,4,40;
78,3,134;
11,4,17;
4,4,4;
37,4,51;
94,4,134;
25,4,37;
60,4,83;
27,4,37;
84,3,147;
43,3,73;
75,4,105;
20,4,30;
62,4,89;
25,3,42;
38,3,67;
92,3,161;
78,4,112;
19,4,28;
74,4,103;
38,4,52;
21,3,38;
55,4,76;
6,4,7;
1,4,0;
18,3,30;
20,4,30;
9,3,14;
47,4,65;
23,4,31;
67,3,115;
84,4,120;
45,3,79;
35,3,62;
32,3,54;
16,3,26;
56,4,78;
99,3,173;
54,4,75;
35,3,62;
45,4,62;
48,3,85;
3,3,7;
74,3,130;
50,3,85;
84,3,144;
33,3,56;
4,4,7;
16,4,21;
18,4,24;
13,4,20;
48,3,85;
42,4,58;
8,3,12;
13,4,20;
100,3,172;
57,4,82;
31,4,42;
8,3,15;
51,4,74;
37,4,54;
46,4,64;
5,4,6;
55,4,79;
58,4,84;
30,3,53;
29,4,40;
24,3,43;
43,4,59;
85,3,146;
88,4,126;
79,4,110;
73,3,125;
64,3,109;
75,3,128;
59,3,104;
26,4,35;
80,3,137;
51,3,90;
27,3,48;
57,4,82;
44,4,64;
42,4,58;
91,4,127;
64,3,109;
73,3,125;
33,4,48;
31,3,52;
3,4,3;
36,4,52;
3,4,6;
45,4,65;
84,4,120;
78,3,137;
24,4,35;
24,3,43;
96,4,137;
67,4,93;
68,3,116;
3,4,6;
81,4,116;
96,4,137;
62,3,106;
45,4,65;
23,3,38;
17,4,23;
39,3,69;
15,4,20;
95,3,166;
44,4,64;
17,4,23;
77,4,107;
42,3,71;
11,3,21;
97,4,136;
45,4,62;
55,3,97;
36,3,61;
67,4,93;
4,4,4;
61,4,88;
78,3,137;
30,3,53;
55,4,79;
77,4,107;
95,3,166;
59,4,85;
12,4,18;
63,3,108;
27,3,45;
46,3,81;
97,3,170;
56,3,95;
84,3,147;
83,4,119;
40,4,55;
45,3,76;
77,3,132;
59,4,85;
16,3,29;
89,3,156;
26,3,47;
52,3,92;
76,4,106;
68,3,119;
97,3,167;
50,4,72;
82,3,144;
86,3,147;
78,4,109;
13,3,24;
74,3,130;
60,3,102;
40,4,55;
60,4,83;
46,3,78;
16,4,24;
41,3,70;
28,4,38;
100,3,175;
44,3,78;
75,3,128;
98,4,137;
24,4,32;
100,4,143;
43,3,76;
4,3,8;
25,4,37;
82,4,114;
11,4,14;
89,4,127;
50,3,85;
36,3,61;
36,3,61;
89,3,156;
51,3,87;
57,4,82;
12,4,15;
81,4,113;
68,3,119;
26,4,35;
94,3,161;
53,4,76;
21,3,38;
4,3,8;
45,4,62;
50,4,72;
17,3,31;
4,4,4;
19,4,25;
3,4,3;
17,4,23;
68,4,98;
50,4,69;
44,4,61;
46,4,67;
8,3,15;
42,4,61;
61,4,88;
88,3,154;
14,4,18;
37,4,54;
48,3,85;
31,4,42;
13,3,21;
38,3,67;
82,3,141;
36,4,49;
94,3,164;
29,3,49;
28,3,47;
1,3,0;
13,4,20;
40,3,71;
70,3,120;
42,4,58;
30,3,53;
16,3,29;
86,3,150;
46,3,78;
89,4,127;
58,3,102;
38,4,55;
70,4,100;
1,4,3;
51,4,74;
77,3,132;
33,3,56;
67,3,115;
72,4,103;
41,4,59;
60,4,83;
89,4,124;
59,4,85;
55,3,97;
69,4,96;
73,4,105;
91,3,159;
28,4,38;
98,3,168;
25,4,34;
6,4,7;
3,4,6;
83,4,119;
60,4,83;
15,3,27;
37,3,63;
11,4,14;
47,4,65;
74,4,103;
58,4,84;
84,3,144;
20,3,36;
39,3,69;
73,4,102;
60,4,83;
44,4,64;
82,4,117;
95,4,133;
18,4,27;
63,4,88;
98,3,171;
32,4,47;
8,4,10;
10,3,16;
23,3,38;
7,3,14;
46,3,78;
16,3,29;
30,3,50;
73,3,125;
52,4,75;
65,3,111;
2,4,1;
69,4,99;
50,3,88;
60,4,83;
58,4,81;
61,4,88;
91,4,130;
43,3,73;
65,4,93;
39,4,57;
96,3,165;
44,4,61;
65,4,93;
2,4,1;
66,3,113;
43,3,73;
20,4,30;
40,4,55;
17,4,23;
68,3,116;
25,3,45;
42,3,74;
15,3,24;
12,3,22;
4,3,5;
44,3,75;
70,3,120;
4,3,8;
64,4,92;
71,4,99;
34,3,60;
94,4,131;
92,4,129;
4,3,8;
85,3,149;
19,4,28;
76,4,109;
95,4,133;
81,4,113;
46,4,67;
31,3,52;
60,4,86;
68,4,95;
63,3,111;
26,4,35;
20,4,27;
74,3,130;
98,3,171;
64,4,89;
91,4,130;
62,4,89;
97,3,170;
13,4,17;
95,3,166;
74,3,127;
31,3,55;
89,3,153;
82,3,141;
91,3,156;
35,3,62;
2,3,2;
58,4,81;
7,3,14;
11,4,17;
81,4,116;
92,4,129;
33,4,48;
68,4,98;
53,4,76;
14,4,18;
35,3,62;
93,3,160;
32,4,44;
14,3,26;
39,3,69;
10,4,13;
38,4,55;
69,3,118;
69,4,99;
45,4,65;
35,3,62;
53,3,90;
65,3,111;
23,4,31;
71,3,121;
30,3,53;
98,3,171;
80,4,115;
33,3,56;
67,4,93;
98,4,140;
89,3,153;
19,3,31;
27,3,45;
9,3,17;
100,3,175;
54,4,75;
52,3,92;
44,4,64;
15,3,24;
53,3,93;
26,4,35;
97,4,139;
78,3,134;
23,3,41;
66,4,92;
69,4,96;
94,4,134;
55,4,79;
49,3,86;
15,3,27;
93,4,133;
49,3,83;
65,4,90;
42,3,74;
63,3,108;
66,4,95;
58,4,81;
43,4,62;
80,4,112;
35,4,48;
17,3,31;
76,3,130;
51,4,74;
69,4,99;
51,3,90;
58,3,99;
64,3,109;
41,4,56;
80,4,112;
61,3,107;
13,3,21;
82,4,117;
20,3,36;
79,4,110;
95,4,136;
58,3,99;
49,3,83;
62,4,89;
70,4,97;
51,3,87;
83,4,116;
79,3,135;
75,4,105;
25,3,42;
18,3,33;
4,4,4;
16,4,24;
8,4,13;
33,3,59;
91,4,127;
7,4,11;
20,4,27;
17,3,28;
69,3,121;
81,3,139;
73,4,105;
96,4,137;
39,3,66;
24,4,35;
98,4,137;
14,3,26;
76,4,106;
15,4,23;
44,4,61;
35,3,59;
34,3,60;
65,4,93;
74,3,127;
22,3,37;
19,3,31;
48,3,82;
30,4,44;
67,4,93;
15,3,27;
98,3,168;
99,4,139;
34,4,50;
91,3,156;
96,4,137;
14,4,21;
35,4,48;
68,3,116;
60,4,83;
42,4,61;
82,3,141;
65,3,111;
65,3,111;
48,4,69;
74,3,127;
87,4,122;
9,3,17;
56,4,78;
42,4,58;
12,4,18;
94,4,134;
26,3,44;
82,4,117;
47,4,68;
86,3,150;
98,3,168;
83,3,142;
79,4,110;
71,3,124;
42,4,61;
88,3,154;
66,4,92;
84,4,117;
3,3,7;
52,3,92;
21,3,35;
51,4,71;
17,3,31;
29,4,43;
9,4,14;
13,4,17;
17,3,31;
47,4,65;
18,3,33;
91,3,159;
68,4,95;
10,4,16;
77,4,107;
11,4,14;
19,3,31;
35,3,62;
65,4,90;
95,4,133;
10,3,19;
61,3,104;
92,3,161;
99,3,173;
90,4,126;
29,3,49;
30,3,53;
72,4,103;
94,4,134;
52,3,89;
4,4,7;
67,4,93;
6,4,7;
49,4,71;
75,3,131;
53,4,76;
89,4,127;
16,4,24;
17,3,28;
67,3,118;
91,3,156;
61,4,88;
95,4,133;
30,4,44;
90,3,157;
41,4,56;
8,3,12;
64,3,112;
37,4,51;
63,3,108;
29,4,43;
11,3,21;
47,4,65;
90,3,157;
77,3,132;
33,3,56;
43,4,62;
39,3,66;
10,3,16;
10,4,16;
79,3,138;
38,4,55;
73,4,105;
8,3,12;
84,4,117;
18,4,27;
78,3,134;
24,4,35;
20,4,30;
22,4,30;
3,3,7;
18,4,27;
49,3,86;
30,4,44;
62,3,106;
60,4,86;
45,3,76;
73,3,125;
46,3,81;
1,3,0;
4,3,8;
93,4,130;
93,4,133;
58,3,99;
46,3,78;
15,3,27;
91,4,127;
40,3,68;
89,3,153;
70,3,123;
13,4,17;
49,3,86;
70,3,123;
27,3,45;
34,4,47;
95,3,163;
77,4,110;
29,4,43;
74,4,106;
69,4,96;
50,4,72;
53,4,76;
27,3,48;
37,3,63;
54,4,78;
49,4,68;
86,4,123;
24,3,40;
63,3,108;
63,3,108;
33,4,45;
56,4,81;
94,3,161;
3,3,4;
62,3,106;
1,4,3;
66,3,113;
86,4,123;
74,3,127;
54,3,95;
84,4,117;
61,3,104;
27,3,48;
49,4,68;
47,3,80;
71,3,121;
57,4,79;
94,3,161;
5,3,7;
57,3,100;
15,4,20;
84,4,120;
10,3,19;
41,3,73;
57,4,79;
34,4,50;
84,4,120;
78,4,112;
51,3,87;
72,4,100;
26,4,35;
38,3,64;
34,3,60;
22,4,30;
15,4,20;
32,4,47;
80,4,115;
21,3,35;
86,4,120;
64,3,112;
39,3,69;
81,3,142;
64,3,112;
55,4,79;
34,4,47;
4,3,5;
39,4,54;
88,4,126;
50,4,69;
35,4,51;
73,4,102;
36,3,61;
17,3,28;
85,3,149;
95,3,163;
31,4,45;
39,3,66;
62,4,86;
76,3,133;
61,3,104;
8,3,15;
89,4,127;
46,3,78;
20,4,27;
82,3,141;
37,4,51;
13,4,17;
85,3,149;
22,4,30;
18,3,33;
76,3,130;
90,3,154;
50,3,85;
43,3,76;
33,4,45;
47,4,68;
62,4,86;
80,4,115;
93,3,163;
98,3,171;
85,4,119;
48,3,85;
27,3,48;
12,4,15;
24,4,32;
30,3,50;
75,4,105;
75,3,128;
74,3,127;
89,3,153;
7,4,8;
73,3,125;
51,4,71;
65,4,90;
93,4,133;
73,4,102;
81,4,113;
57,4,79;
40,4,58;
18,4,27;
22,3,37;
25,4,37;
49,3,86;
77,3,132;
1,4,0;
43,4,62;
69,3,118;
33,3,59;
82,3,144;
46,3,81;
86,3,150;
29,3,52;
95,4,136;
19,3,31;
64,3,112;
6,4,10;
39,3,66;
66,3,113;
9,4,14;
59,3,101;
5,4,9;
66,3,116;
54,3,92;
72,4,100;
62,3,109;
34,4,50;
53,3,90;
17,4,23;
21,3,38;
40,4,58;
54,4,78;
90,3,157;
89,3,156;
37,3,63;
47,4,65;
13,3,21;
95,4,136;
25,3,42;
63,4,91;
81,4,113;
63,4,91;
13,4,20;
92,3,161;
56,3,95;
92,4,132;
9,3,17;
89,3,153;
85,3,149;
34,3,60;
55,3,97;
26,3,47;
42,4,61;
32,3,54;
37,3,66;
64,3,112;
50,3,88;
46,4,67;
57,3,97;
57,3,97;
8,4,10;
81,4,113;
11,3,21;
18,3,33;
85,3,146;
90,3,154;
84,4,117;
17,3,31;
41,4,56;
6,4,10;
17,3,28;
70,4,97;
63,4,91;
87,4,122;
92,3,158;
49,4,71;
84,4,117;
52,3,89;
64,4,89;
91,4,127;
75,3,131;
23,4,34;
46,4,67;
81,4,116;
2,4,4;
98,4,137;
16,4,24;
94,3,161;
75,3,131;
40,3,68;
60,3,105;
58,3,99;
47,3,83;
17,3,28;
26,3,47;
45,3,79;
89,4,127;
43,4,59;
81,3,139;
61,4,85;
