89 28 48 6 52 41 58 82 27 61 25 68 19 96 14 44 92 16 99 55 84 37 18 55 87 93 98 48 31 70 88 15 58 34 93 27 92 91 92 60 0 78 12 36 18 13 98 16 5 67 77 64 20 66 5 52 9 94 20 60 44 9 51 57 73 9 10 85 3 87 53 0 24 38 54 5 24 83 36 73 96 81 43 65 94 24 96 92 29
40 17 99 70 32 15 92 26 55 63 9 3 12 12 19 13 76 39 82 12 100 27 27 57 48 65 63 66 86 64 49 13 18 56 63 69 55 30 93 23 62 80 69 19 27 69 83 69 24 51 18 86 13 80 30 13 91 41 22 68 53 25 41 92 14 96 86 57 50 50 59 45 47 59 50 20 58 7 30 80 82 95 42 35 46 63 0 38 26
50 79 13 8 25 70 36 39 78 5 31 83 26 19 74 92 73 38 55 29 10 56 83 10 43 86 58 84 6 46 51 96 47 31 0 72 45 37 22 89 14 82 81 2 100 97 56 76 68 43 73 25 45 9 15 94 96 3 65 39 11 53 32 31 54 36 36 96 18 2 46 35 16 66 15 29 75 81 11 47 29 83 15 63 73 26 50 38 15
6 77 42 72 83 77 62 49 49 49 64 60 61 57 66 97 38 8 80 94 87 19 14 93 18 10 29 37 70 58 27 86 98 80 12 26 4 63 34 89 54 81 26 31 48 87 69 25 50 67 35 18 71 44 28 87 62 49 54 72 48 25 79 91 21 78 63 81 44 39 92 75 74 91 40 6 93 84 45 32 41 4 87 2 23 9 14 53 52
25 64 56 9 62 41 28 1 35 10 70 23 88 81 10 76 60 44 81 4 21 94 79 4 21 31 43 38 77 68 12 64 9 29 18 76 36 66 11 49 11 5 58 73 76 8 54 23 76 27 63 65 34 49 30 31 86 52 88 31 98 90 24 67 98 6 14 59 63 35 39 95 32 32 93 15 36 5 29 13 77 20 63 49 5 48 30 61 99
87 90 84 78 81 51 21 81 92 76 69 95 95 61 40 88 68 32 2 56 14 96 81 23 74 54 77 27 76 61 49 77 53 60 76 46 55 17 52 81 71 35 44 29 60 19 83 60 23 61 38 16 28 4 84 92 9 61 3 26 74 95 5 30 26 93 41 34 86 95 32 50 80 21 85 80 52 51 63 55 72 17 4 14 23 33 49 48 76
84 37 95 13 25 6 77 29 13 2 67 79 48 75 28 28 88 36 6 20 4 40 58 98 49 55 57 90 92 7 93 44 93 58 1 57 38 36 54 15 7 50 38 48 97 76 23 42 76 86 35 98 42 28 72 44 79 97 65 71 50 87 38 6 9 23 86 90 74 72 91 51 82 92 12 54 1 9 1 73 31 14 14 5 72 96 1 65 87
57 78 42 72 84 66 21 12 32 38 74 91 33 69 4 96 85 16 51 15 18 43 70 95 92 39 35 73 32 34 14 21 21 3 16 94 48 80 98 25 92 41 70 71 28 83 98 45 10 10 88 79 51 49 69 14 8 48 80 44 30 48 81 98 23 53 70 30 53 11 48 5 19 25 24 77 73 99 67 9 42 90 63 22 47 36 70 72 35
2 85 0 100 54 96 43 61 73 48 76 12 68 93 100 63 83 60 25 25 93 41 10 82 70 2 40 86 58 50 88 83 98 96 50 26 48 5 65 30 81 15 0 51 91 97 74 98 63 59 65 76 45 46 43 61 74 18 29 51 55 58 3 22 60 94 14 73 42 73 15 77 95 96 45 77 41 60 91 74 28 43 22 99 86 11 38 52 53
90 52 29 77 13 75 23 12 78 91 98 82 1 56 91 44 88 82 49 1 66 20 14 28 56 23 12 35 4 36 49 55 63 20 52 20 87 0 81 20 22 65 63 70 94 92 27 87 32 55 98 30 89 51 87 70 38 0 20 91 63 89 8 41 42 42 19 81 3 70 58 88 0 29 80 0 57 45 35 65 96 25 2 49 38 19 67 12 33
83 83 86 81 90 58 34 57 21 27 51 72 46 84 63 97 10 29 60 72 87 12 94 66 56 96 37 86 59 2 23 76 7 48 20 87 73 7 10 72 45 43 35 17 84 93 49 41 40 53 28 90 7 40 46 70 90 19 24 95 20 48 99 19 4 76 65 99 64 76 24 3 18 89 26 43 78 76 82 63 47 97 46 5 75 33 68 67 1
50 98 53 83 16 51 98 45 16 13 8 27 50 78 64 28 24 71 19 14 3 93 13 37 62 48 24 2 93 44 71 7 99 98 13 79 71 21 2 37 29 99 61 63 74 35 97 18 82 78 51 63 49 52 99 58 84 16 20 68 27 95 53 73 42 0 29 53 64 85 58 2 68 83 86 5 31 51 63 26 51 5 21 15 93 8 59 46 100
56 96 55 1 34 10 34 46 89 21 74 6 44 55 97 20 48 95 66 67 94 26 33 53 94 16 21 74 37 80 34 41 83 54 8 90 2 1 33 73 52 60 42 30 90 20 7 50 24 96 45 13 93 80 5 29 63 2 7 18 89 60 8 9 87 33 24 90 47 6 17 47 62 94 15 34 85 3 64 74 9 72 50 42 35 21 48 2 48
79 27 0 95 15 84 92 51 32 43 57 96 18 3 17 78 98 52 99 65 72 45 59 39 33 8 17 10 66 75 66 85 21 42 68 80 17 53 46 10 23 83 52 60 7 79 92 68 32 65 37 69 49 37 76 33 68 61 61 6 67 81 85 58 77 72 74 76 35 38 60 44 5 89 41 90 94 99 32 55 17 49 79 1 38 97 36 85 66
35 11 57 93 39 43 43 98 95 84 35 4 15 32 94 4 93 64 60 96 86 40 69 29 5 89 18 2 84 19 80 35 90 10 0 27 3 52 66 46 99 93 99 15 97 51 2 16 85 97 45 33 77 89 80 95 42 27 87 50 24 40 13 75 3 0 14 5 32 67 1 40 98 13 98 94 41 54 33 55 87 1 18 88 75 47 59 1 30
6 85 76 66 16 21 59 79 24 12 97 36 98 85 17 95 5 36 63 92 87 53 89 95 31 64 23 22 26 0 56 41 13 76 26 82 25 74 82 92 39 15 17 41 37 18 89 16 0 93 69 11 97 10 43 53 97 82 35 52 99 36 53 23 56 55 23 22 59 35 70 31 55 71 53 72 35 47 58 12 75 6 21 34 31 45 45 2 32
73 86 44 39 29 94 2 63 94 85 82 95 67 58 65 23 38 57 25 58 72 17 49 23 22 77 92 15 18 93 11 9 21 91 86 50 25 92 25 77 50 8 42 62 76 18 8 49 56 11 93 89 20 45 60 56 36 21 17 52 2 87 44 1 74 73 74 77 72 15 98 47 31 48 7 63 76 87 47 4 69 42 59 7 100 23 90 76 30
30 13 4 74 73 75 63 65 40 89 3 44 32 77 41 13 46 57 72 37 97 80 50 74 13 84 60 28 36 2 51 83 98 46 42 1 94 73 58 74 44 99 36 99 44 60 36 65 17 95 54 66 18 39 33 50 64 31 61 90 14 35 29 37 37 20 46 86 35 39 19 73 99 99 94 99 44 52 29 53 48 95 10 42 48 86 65 59 12
92 38 63 12 69 59 9 69 99 61 23 14 50 30 79 75 82 68 20 45 34 6 11 1 8 41 19 24 88 90 52 56 87 73 43 0 57 60 29 39 84 29 45 91 6 39 98 65 32 67 67 17 45 13 79 86 26 62 4 28 40 85 82 9 8 67 27 77 88 78 17 21 38 81 61 4 61 21 95 69 44 55 93 20 22 34 11 74 95
57 75 96 55 1 99 100 47 36 82 39 11 20 77 54 49 45 80 64 53 74 25 5 67 35 84 85 92 62 87 75 56 54 82 31 3 22 66 37 82 62 57 24 39 56 57 23 78 38 72 77 55 47 21 21 31 69 29 20 17 14 7 86 49 7 83 58 39 46 51 27 79 43 82 91 16 0 66 11 78 61 7 54 91 9 19 9 33 61
100 34 94 46 19 68 54 72 75 31 73 100 85 32 88 44 99 12 65 30 5 31 2 18 42 57 6 54 96 39 88 73 25 78 47 16 34 33 23 14 36 45 26 35 38 79 77 75 66 46 11 7 45 2 56 69 32 75 4 63 61 0 76 36 43 100 74 6 85 72 10 66 89 51 94 60 5 68 80 63 80 32 89 50 28 81 28 22 22