6074;
62,3,109;
38,4,52;
26,3,44;
60,4,83;
81,3,142;
68,4,95;
44,4,61;
76,4,106;
7,4,11;
65,3,111;
53,3,90;
79,3,135;
42,3,71;
99,3,170;
23,4,31;
24,3,40;
31,4,42;
48,4,66;
43,3,73;
21,3,35;
36,4,52;
39,4,54;
91,4,130;
76,4,109;
84,4,120;
17,4,26;
68,4,95;
36,3,61;
45,4,65;
94,3,164;
79,4,113;
52,4,75;
71,3,121;
56,4,78;
7,4,11;
98,4,137;
74,3,127;
46,3,81;
56,3,95;
14,3,26;
44,3,75;
78,4,109;
35,3,59;
45,4,65;
23,4,34;
25,3,45;
16,4,24;
73,3,128;
60,3,105;
5,4,9;
3,4,3;
55,4,76;
17,3,31;
60,4,86;
53,3,90;
67,4,96;
99,3,173;
49,4,71;
64,3,109;
56,4,78;
36,4,52;
18,3,33;
77,4,110;
14,3,23;
22,4,33;
8,4,10;
32,4,47;
30,3,50;
92,4,132;
45,4,62;
60,3,102;
93,3,160;
96,3,168;
90,4,129;
39,4,54;
72,3,123;
62,3,109;
85,4,119;
57,3,100;
73,3,128;
31,4,45;
61,4,88;
89,3,153;
52,3,92;
5,4,9;
54,3,95;
41,3,70;
17,3,31;
89,3,153;
86,3,147;
10,3,19;
1,3,3;
80,4,112;
77,3,132;
13,4,17;
67,3,118;
24,4,32;
2,3,5;
59,3,104;
42,3,74;
10,4,13;
12,4,18;
76,4,109;
45,4,65;
91,3,156;
31,3,52;
92,4,132;
56,4,81;
5,3,7;
4,4,7;
8,3,15;
54,3,95;
5,4,6;
55,4,79;
100,4,140;
1,3,0;
69,4,99;
77,3,135;
84,3,147;
61,3,104;
99,3,173;
37,4,51;
9,3,17;
57,4,82;
6,3,12;
19,3,34;
4,4,4;
24,4,35;
38,3,67;
56,4,81;
39,3,66;
33,4,48;
15,3,24;
94,3,161;
72,4,100;
5,3,10;
20,3,33;
58,4,81;
40,3,68;
49,3,83;
48,3,82;
83,4,116;
10,4,16;
10,4,13;
43,4,62;
22,3,40;
11,3,18;
76,4,109;
16,3,29;
93,4,130;
85,4,119;
35,4,48;
7,3,14;
21,4,28;
33,4,45;
6,4,10;
90,3,157;
14,3,26;
48,4,69;
64,3,109;
94,3,161;
99,4,142;
31,3,55;
74,4,106;
30,4,44;
61,3,104;
43,3,76;
43,4,62;
59,4,85;
96,3,165;
23,4,31;
56,3,98;
18,4,27;
25,4,37;
82,3,141;
61,3,107;
31,3,52;
91,3,156;
74,4,106;
7,3,11;
10,4,16;
90,3,157;
43,4,59;
60,4,83;
42,3,74;
58,3,102;
71,4,99;
81,4,113;
46,3,78;
63,3,111;
64,4,89;
30,4,44;
88,3,154;
33,4,45;
84,3,147;
19,3,31;
23,3,41;
28,4,41;
69,3,121;
19,4,28;
49,3,86;
89,4,124;
18,3,30;
97,3,170;
21,4,28;
77,4,110;
59,4,82;
21,4,31;
85,4,122;
50,4,72;
69,4,96;
49,3,83;
18,3,30;
11,4,14;
100,3,175;
23,3,41;
65,4,93;
77,3,132;
35,3,59;
26,3,47;
56,4,81;
17,4,23;
20,3,36;
40,4,55;
20,3,33;
47,3,83;
22,3,40;
80,3,137;
55,4,76;
32,3,54;
100,4,143;
14,4,18;
86,3,147;
44,4,61;
42,3,74;
32,3,57;
93,3,160;
27,3,45;
34,3,60;
83,4,116;
94,3,161;
99,4,139;
10,4,16;
91,4,130;
14,3,23;
93,4,130;
37,4,54;
96,3,168;
51,3,90;
49,4,68;
53,4,73;
64,3,112;
78,3,137;
66,4,95;
21,4,31;
67,3,118;
85,3,149;
22,3,40;
3,3,7;
33,3,56;
81,4,116;
14,3,23;
21,4,31;
44,3,75;
76,4,109;
82,3,141;
1,3,0;
62,4,86;
41,3,70;
80,4,115;
65,4,90;
19,4,28;
28,4,38;
68,4,98;
97,4,139;
45,3,79;
39,4,57;
12,3,22;
6,4,10;
86,4,123;
2,3,2;
78,4,112;
100,4,140;
40,4,55;
76,4,106;
100,3,175;
14,3,23;
83,4,116;
31,3,55;
32,3,54;
65,4,93;
55,3,97;
72,3,123;
57,4,82;
90,4,129;
53,4,73;
27,4,40;
73,4,105;
25,4,34;
51,4,74;
58,3,102;
19,3,31;
35,3,59;
32,4,47;
62,3,109;
95,4,133;
72,3,123;
14,3,23;
14,3,26;
60,4,83;
6,3,12;
37,4,54;
46,4,64;
58,3,99;
32,3,57;
9,4,11;
24,3,43;
58,3,102;
9,4,11;
38,4,55;
40,4,58;
21,4,28;
74,3,130;
75,4,108;
18,3,33;
1,4,3;
29,3,49;
56,4,81;
20,4,30;
3,3,7;
14,4,21;
42,4,61;
25,3,45;
72,4,103;
58,4,84;
7,4,11;
11,4,17;
54,4,78;
2,4,4;
92,3,158;
64,4,92;
3,4,3;
54,3,92;
17,4,23;
42,4,58;
95,4,133;
19,4,25;
79,3,138;
95,3,163;
68,4,95;
4,3,8;
91,3,159;
89,4,127;
39,4,54;
69,4,96;
92,3,158;
29,4,43;
54,4,78;
70,4,97;
78,4,109;
44,4,64;
63,3,108;
60,3,105;
7,3,11;
99,3,173;
46,4,64;
89,4,127;
46,3,81;
48,3,85;
23,4,31;
86,3,150;
89,3,156;
27,4,37;
90,4,129;
4,4,7;
44,3,78;
30,4,41;
81,4,116;
51,3,87;
5,3,7;
82,4,117;
27,3,48;
96,4,137;
92,4,132;
17,3,31;
88,4,123;
33,3,59;
68,4,98;
47,4,65;
43,3,76;
21,4,31;
20,4,30;
33,4,48;
6,3,9;
8,3,15;
72,3,126;
34,4,47;
31,4,42;
67,3,115;
32,3,57;
74,3,127;
90,4,126;
13,4,17;
79,4,110;
15,4,20;
51,4,74;
92,4,129;
31,3,52;
40,4,58;
81,4,113;
49,4,68;
87,4,125;
73,4,105;
10,4,16;
100,4,140;
94,3,161;
55,3,97;
90,4,129;
76,3,133;
99,3,173;
46,4,67;
98,3,171;
66,4,95;
62,4,89;
89,3,153;
73,3,125;
67,4,96;
6,4,10;
40,3,71;
95,4,133;
52,4,75;
88,4,123;
24,3,40;
53,3,93;
49,4,71;
14,3,23;
87,4,125;
91,3,159;
6,3,12;
9,3,17;
96,4,134;
8,3,12;
73,3,128;
92,3,161;
28,3,50;
87,3,152;
98,3,168;
2,4,4;
77,3,135;
65,3,111;
21,3,35;
56,3,98;
72,4,100;
36,4,52;
41,3,73;
84,4,117;
86,3,147;
72,4,103;
13,3,24;
9,4,11;
61,3,107;
95,3,166;
85,3,146;
64,4,89;
51,3,90;
58,4,81;
55,3,94;
26,4,35;
42,4,58;
12,3,22;
92,4,132;
35,3,59;
82,3,141;
21,3,38;
62,4,86;
67,3,118;
47,3,83;
52,3,89;
51,3,87;
56,3,98;
30,3,50;
93,3,160;
7,4,8;
53,4,76;
89,3,153;
9,4,14;
61,4,85;
55,3,94;
32,4,44;
71,3,124;
5,3,7;
3,4,6;
62,3,106;
51,4,71;
62,3,106;
16,4,21;
48,3,82;
72,4,103;
95,4,133;
40,3,68;
44,3,75;
50,3,88;
24,3,43;
65,3,111;
7,4,11;
23,3,41;
10,4,13;
90,4,129;
67,3,118;
14,3,26;
21,3,38;
21,3,38;
74,3,130;
30,3,53;
77,4,107;
77,4,107;
64,4,89;
36,4,49;
53,3,93;
90,3,154;
20,3,33;
29,4,43;
88,3,154;
92,3,158;
26,4,38;
100,3,172;
48,3,85;
44,4,61;
33,3,56;
64,4,89;
11,4,14;
32,3,54;
2,4,4;
71,3,124;
84,4,117;
3,3,4;
21,4,31;
73,3,125;
46,4,67;
40,4,55;
32,4,44;
49,3,86;
51,4,71;
42,4,58;
3,4,3;
89,3,153;
14,4,18;
43,4,62;
13,3,24;
38,3,67;
24,3,40;
80,4,112;
63,4,91;
59,4,85;
81,3,139;
76,4,106;
91,4,127;
80,3,137;
83,4,119;
2,4,1;
23,3,41;
35,3,62;
14,3,26;
36,3,64;
91,3,159;
61,4,85;
62,4,86;
80,4,115;
20,3,36;
86,3,150;
85,3,146;
46,4,64;
7,3,14;
19,4,28;
26,3,44;
91,3,156;
88,4,123;
18,3,33;
78,4,112;
80,4,115;
1,4,3;
89,3,156;
27,4,37;
41,3,73;
4,3,5;
21,4,31;
98,4,137;
66,4,95;
23,4,31;
100,3,172;
73,4,102;
86,3,150;
20,3,36;
68,3,119;
51,3,87;
13,4,20;
24,4,35;
74,4,103;
21,4,28;
54,3,95;
43,4,59;
27,4,40;
85,3,146;
42,3,74;
90,3,157;
11,4,17;
6,4,10;
24,4,35;
4,3,5;
45,3,76;
4,4,4;
19,4,25;
68,3,119;
42,4,61;
73,4,105;
73,4,102;
22,4,30;
81,3,142;
32,4,47;
66,4,95;
83,4,119;
42,4,61;
47,3,83;
29,3,49;
72,4,103;
59,4,82;
57,4,79;
91,3,159;
64,4,92;
15,3,27;
86,3,147;
10,3,19;
41,4,56;
21,3,38;
49,3,86;
29,4,40;
74,4,106;
58,4,81;
56,4,81;
1,3,0;
16,3,26;
99,4,142;
91,3,159;
94,3,161;
51,3,90;
1,3,3;
86,3,150;
36,3,64;
40,3,71;
9,4,14;
74,4,103;
28,4,41;
29,4,43;
27,3,48;
79,3,138;
47,4,65;
87,4,125;
85,3,146;
2,3,5;
73,4,102;
49,3,83;
39,3,66;
69,4,99;
12,3,22;
82,4,114;
68,4,95;
57,4,79;
21,3,35;
18,4,27;
10,3,16;
4,3,8;
35,4,48;
38,4,52;
79,4,113;
41,4,56;
57,4,79;
46,4,67;
31,3,55;
95,4,136;
10,4,16;
53,3,93;
8,4,10;
4,3,8;
43,4,62;
99,3,173;
36,3,61;
18,3,30;
69,4,96;
2,4,1;
23,3,38;
94,4,134;
32,3,57;
90,3,157;
66,4,95;
77,4,107;
7,3,14;
52,3,92;
16,3,26;
43,4,59;
3,4,3;
76,3,133;
29,3,49;
98,3,171;
98,4,137;
78,3,137;
31,3,52;
90,4,126;
4,3,5;
4,4,4;
61,3,104;
23,3,38;
34,3,57;
50,4,69;
1,4,3;
85,4,122;
1,3,0;
52,3,92;
36,4,52;
93,3,163;
25,3,42;
67,4,96;
11,4,17;
21,4,28;
36,4,52;
5,3,7;
78,4,109;
68,3,119;
96,3,168;
50,4,72;
15,4,20;
64,3,112;
86,3,150;
87,4,125;
56,4,78;
78,4,109;
48,3,85;
27,3,48;
92,4,132;
30,3,50;
1,3,0;
84,4,117;
45,3,79;
23,4,31;
14,4,21;
38,3,64;
46,3,81;
47,4,68;
51,4,74;
66,3,113;
100,4,140;
44,4,61;
93,3,160;
92,4,129;
75,3,131;
70,3,123;
7,3,14;
100,3,172;
35,4,48;
32,4,44;
76,3,133;
89,4,124;
92,4,132;
35,3,59;
49,3,86;
51,4,71;
44,4,61;
5,4,6;
24,3,40;
10,4,16;
52,3,92;
58,3,99;
44,4,64;
48,3,82;
17,3,28;
4,3,5;
70,3,120;
84,4,117;
41,4,56;
81,3,139;
93,3,160;
75,4,105;
4,4,4;
31,3,52;
75,4,108;
35,3,59;
11,4,14;
42,4,61;
51,3,90;
87,4,122;
34,3,60;
80,3,137;
82,4,114;
24,4,35;
92,4,132;
96,4,137;
48,4,69;
33,4,48;
73,3,125;
36,3,61;
13,3,24;
95,4,136;
64,3,109;
8,3,12;
99,3,170;
91,3,156;
49,3,86;
81,4,113;
61,3,107;
77,4,110;
55,3,97;
74,3,130;
86,4,123;
34,3,57;
51,3,90;
38,4,55;
26,4,38;
40,3,68;
58,4,81;
63,4,91;
51,4,74;
38,4,52;
28,3,47;
36,4,52;
61,4,88;
43,3,76;
60,4,86;
9,4,14;
2,3,2;
51,4,74;
8,4,13;
44,4,64;
29,3,49;
46,4,67;
7,3,14;
50,4,69;
45,4,62;
78,3,137;
32,3,57;
61,3,107;
48,3,85;
99,3,170;
88,4,126;
79,3,138;
13,3,24;
58,3,102;
51,4,74;
87,3,149;
76,3,133;
55,3,97;
8,3,15;
50,4,69;
99,3,170;
93,4,133;
42,4,58;
86,3,147;
98,4,137;
78,3,134;
3,4,6;
10,4,13;
64,4,92;
91,3,159;
40,3,68;
80,3,137;
98,4,137;
75,4,105;
99,3,173;
31,4,42;
1,3,0;
93,4,133;
63,3,111;
65,4,90;
56,3,98;
56,4,78;
73,3,128;
47,3,83;
96,4,134;
32,3,57;
34,3,60;
68,4,98;
88,3,151;
81,3,142;
7,4,11;
62,3,109;
45,4,65;
63,3,111;
23,3,38;
8,4,10;
20,3,33;
55,4,79;
52,4,75;
54,4,75;
87,4,122;
46,3,78;
23,3,41;
23,3,41;
87,4,122;
39,4,54;
91,3,159;
96,4,134;
92,4,129;
32,3,54;
33,3,59;
48,4,66;
38,4,52;
5,3,7;
12,4,15;
11,3,18;
24,4,32;
27,3,48;
47,4,65;
17,3,28;
44,4,61;
78,3,134;
91,4,127;
8,4,13;
22,4,33;
89,4,124;
41,4,56;
44,4,61;
89,4,127;
89,3,156;
36,4,52;
27,3,48;
39,4,54;
51,3,90;
63,3,111;
75,3,131;
93,4,133;
67,3,115;
3,4,3;
28,4,38;
66,4,92;
13,3,24;
46,4,64;
100,3,172;
58,3,99;
58,4,81;
85,4,119;
53,3,93;
76,3,130;
51,3,87;
14,4,21;
24,3,43;
88,3,151;
34,3,57;
51,3,90;
59,3,101;
12,4,18;
89,3,156;
83,4,119;
99,3,173;
34,3,60;
65,4,90;
4,3,5;
45,3,79;
51,3,87;
91,4,127;
33,3,59;
60,4,86;
43,4,62;
72,4,103;
11,4,17;
40,3,68;
40,3,71;
70,3,120;
81,4,113;
89,4,124;
89,4,127;
4,3,5;
44,3,75;
93,4,130;
72,4,103;
34,4,50;
17,4,26;
53,4,76;
96,3,165;
85,4,119;
2,4,1;
75,4,105;
61,3,104;
95,3,166;
77,3,132;
48,4,69;
82,3,141;
97,3,170;
43,3,73;
97,3,170;
58,3,102;
85,4,119;
73,4,102;
44,3,75;
57,3,97;
25,3,45;
50,3,85;
38,4,55;
39,3,69;
60,4,86;
10,3,19;
22,4,30;
31,3,55;
98,4,137;
76,3,130;
8,4,13;
14,3,26;
37,4,54;
37,4,54;
65,4,93;
86,4,123;
2,4,4;
29,3,52;
77,4,110;
48,4,66;
66,4,92;
59,4,82;
33,4,48;
88,3,154;
38,3,64;
82,3,141;
70,3,120;
36,4,52;
64,3,109;
65,3,111;
76,3,133;
88,4,123;
91,4,127;
23,3,41;
52,4,72;
94,4,134;
69,3,118;
38,3,64;
12,3,19;
63,4,91;
59,4,82;
89,3,153;
22,4,33;
59,3,104;
34,4,47;
95,4,136;
41,4,56;
57,4,79;
97,3,167;
57,3,100;
70,3,120;
61,3,107;
59,4,82;
80,3,137;
35,3,59;
69,3,121;
79,3,138;
29,3,52;
66,3,116;
67,4,96;
72,4,100;
73,4,102;
49,4,68;
77,4,107;
59,3,104;
46,4,64;
40,4,58;
82,3,144;
98,4,137;
87,3,152;
12,4,15;
27,4,37;
69,3,121;
40,3,68;
47,3,83;
23,4,34;
29,4,40;
87,4,125;
40,4,58;
15,4,20;
59,3,101;
23,4,31;
52,3,89;
90,4,129;
66,4,92;
4,3,5;
80,4,115;
46,4,64;
81,4,113;
8,4,13;
21,3,35;
72,4,100;
53,4,73;
36,3,64;
8,3,12;
22,3,40;
56,3,98;
12,4,18;
78,4,112;
4,3,8;
81,3,142;
36,3,64;
72,3,123;
51,3,87;
38,3,64;
34,3,60;
33,3,59;
37,3,63;
63,4,88;
89,3,156;
54,4,75;
98,4,140;
94,3,161;
20,4,27;
9,3,17;
46,4,67;
96,4,134;
86,4,123;
37,4,51;
94,4,134;
4,4,4;
51,4,71;
29,3,49;
77,4,110;
50,4,72;
76,3,133;
67,3,118;
29,3,52;
94,3,161;
100,4,140;
35,3,59;
10,4,13;
29,4,43;
81,3,139;
1,3,3;
10,3,19;
73,4,105;
47,3,80;
27,4,40;
50,4,69;
26,3,44;
81,4,116;
66,3,116;
43,4,62;
37,4,54;
1,3,0;
46,4,67;
19,3,31;
93,4,133;
44,4,61;
77,3,132;
82,3,141;
55,4,76;
64,4,92;
63,4,91;
48,3,85;
56,3,98;
17,3,31;
96,4,137;
80,3,140;
68,4,95;
55,4,79;
70,4,97;
13,3,21;
99,3,173;
37,3,63;
87,4,122;
32,4,47;
95,4,133;
26,4,35;
87,3,149;
21,3,35;
40,3,68;
45,4,65;
11,4,14;
39,4,57;
37,3,66;
4,4,4;
78,3,134;
100,3,175;
94,3,161;
84,4,120;
76,4,109;
17,4,23;
35,3,59;
24,4,35;
79,3,138;
53,3,90;
96,3,165;
90,4,126;
90,4,129;
59,3,104;
86,3,147;
9,3,17;
37,3,63;
4,4,7;
75,4,105;
88,3,151;
62,3,109;
42,4,61;
89,3,153;
26,3,44;
2,4,4;
36,4,49;
30,4,44;
3,4,3;
67,4,96;
33,3,56;
46,4,67;
43,3,76;
78,3,134;
75,3,131;
7,4,11;
5,4,9;
59,4,85;
20,3,36;
13,4,17;
86,3,147;
28,4,38;
44,4,61;
38,3,64;
83,4,116;
57,4,79;
17,3,28;
76,3,130;
21,4,28;
75,4,105;
68,3,119;
85,3,149;
43,4,59;
6,4,10;
70,3,120;
16,3,26;
23,4,31;
3,3,4;
20,4,27;
8,3,15;
94,4,134;
80,4,112;
41,3,70;
24,4,32;
85,3,149;
74,3,130;
45,4,65;
96,4,137;
42,4,58;
75,3,128;
56,4,78;
83,3,145;
79,4,113;
16,4,21;
16,4,21;
96,3,165;
32,4,47;
20,3,36;
83,3,142;
90,3,154;
94,3,164;
85,3,146;
67,4,93;
38,4,55;
97,3,167;
23,3,41;
17,4,23;
50,3,88;
78,3,137;
40,4,58;
79,3,138;
93,4,130;
43,3,76;
68,3,119;
87,3,152;
89,4,124;
72,3,126;
63,3,108;
58,4,81;
17,3,31;
8,3,15;
85,3,149;
63,3,108;
23,3,41;
24,3,40;
33,3,59;
67,3,115;
40,3,68;
98,3,168;
62,3,109;
85,4,122;
100,3,175;
14,3,23;
46,3,81;
25,3,45;
68,4,98;
74,3,130;
75,4,108;
19,3,34;
63,4,88;
90,3,154;
32,4,47;
26,4,38;
17,4,26;
15,4,23;
96,4,137;
60,3,105;
94,4,134;
95,3,163;
8,4,13;
42,4,58;
94,3,161;
49,3,83;
29,3,49;
35,3,62;
22,3,37;
54,3,92;
41,4,59;
64,4,92;
60,3,102;
76,3,133;
99,3,173;
47,4,65;
40,4,58;
9,3,17;
64,4,92;
6,3,9;
50,3,85;
37,4,51;
57,3,100;
12,4,18;
84,4,117;
72,3,123;
37,4,54;
64,3,109;
34,4,50;
70,4,100;
81,3,142;
79,4,110;
86,4,123;
21,4,28;
6,4,7;
64,4,92;
66,4,95;
51,3,87;
12,4,15;
82,3,141;
77,4,110;
23,3,38;
95,3,166;
58,3,102;
7,4,8;
47,4,68;
19,4,25;
94,3,161;
14,3,26;
64,4,92;
27,3,45;
7,4,11;
64,3,112;
23,4,31;
52,3,89;
51,3,90;
14,4,21;
52,3,89;
62,3,106;
20,4,27;
51,3,90;
87,3,152;
14,4,21;
84,4,120;
91,4,127;
88,3,151;
4,4,7;
33,4,45;
13,3,24;
27,3,45;
18,4,27;
96,4,137;
83,3,142;
24,4,32;
81,3,142;
53,4,76;
32,4,44;
88,3,151;
15,3,27;
36,4,52;
43,4,59;
10,4,13;
3,3,4;
65,3,111;
21,4,31;
43,3,73;
22,3,37;
73,3,125;
21,4,28;
27,3,48;
56,4,78;
19,4,28;
89,3,153;
42,4,58;
45,4,65;
65,4,90;
21,3,35;
62,4,86;
44,3,78;
84,4,117;
14,3,23;
71,3,121;
85,4,122;
77,4,110;
56,4,78;
49,3,83;
3,3,7;
90,4,126;
87,3,152;
79,3,135;
57,3,97;
29,4,43;
51,4,74;
12,4,15;
39,4,54;
88,3,154;
4,3,8;
66,3,113;
74,3,127;
7,4,11;
24,3,40;
87,3,152;
99,3,173;
37,4,54;
69,4,96;
99,4,139;
89,4,124;
99,4,139;
71,4,99;
50,3,85;
4,3,5;
46,4,67;
36,4,49;
71,3,121;
85,4,119;
88,4,123;
57,4,79;
9,4,11;
27,4,40;
50,3,88;
26,3,47;
46,4,67;
64,4,92;
2,3,5;
39,4,54;
9,3,17;
82,3,144;
33,4,45;
32,4,44;
6,3,9;
45,4,65;
94,3,161;
7,3,14;
44,3,78;
89,4,127;
76,3,130;
75,3,128;
22,3,40;
37,3,63;
94,4,131;
29,3,52;
40,3,68;
62,4,86;
70,4,100;
77,4,110;
20,4,30;
67,3,118;
26,3,44;
53,3,93;
3,3,7;
85,4,119;
94,3,164;
71,4,102;
37,4,54;
28,3,50;
36,3,64;
75,3,131;
20,3,36;
16,4,24;
2,3,5;
59,3,101;
20,4,27;
51,4,71;
93,3,160;
38,4,55;
99,3,173;
88,3,151;
88,4,126;
4,3,8;
67,4,93;
41,3,70;
66,4,92;
39,4,54;
25,3,45;
8,4,10;
55,4,76;
18,4,24;
1,3,3;
56,4,81;
47,3,80;
4,3,8;
13,3,21;
33,4,45;
87,4,122;
6,4,7;
18,3,30;
73,3,125;
91,4,130;
5,4,9;
92,4,132;
25,3,45;
100,4,140;
57,3,100;
90,3,154;
45,3,79;
18,4,27;
40,4,55;
86,4,123;
39,4,54;
44,3,78;
24,3,43;
45,4,65;
97,4,136;
30,3,53;
16,4,21;
72,3,123;
5,3,10;
5,3,7;
16,4,21;
26,3,47;
67,3,115;
18,4,27;
48,4,66;
90,4,126;
10,4,16;
8,4,13;
39,4,54;
18,4,24;
68,3,119;
92,4,132;
50,3,88;
33,3,56;
96,3,165;
49,3,83;
49,3,86;
58,4,84;
95,3,163;
27,4,40;
43,4,59;
70,4,100;
90,3,154;
46,4,64;
41,3,73;
29,3,49;
76,4,109;
19,3,31;
52,3,89;
49,3,86;
56,3,95;
54,4,78;
77,3,132;
71,3,124;
78,4,109;
19,4,28;
96,3,168;
96,4,134;
50,4,69;
47,4,68;
22,3,40;
48,4,69;
65,3,111;
33,4,45;
25,4,34;
77,3,135;
53,4,76;
8,4,13;
27,3,45;
88,4,123;
35,4,51;
8,3,15;
8,3,15;
57,3,100;
29,3,49;
10,3,16;
66,3,113;
13,4,17;
48,4,66;
29,4,43;
46,3,81;
23,4,31;
77,3,132;
15,4,23;
54,3,92;
64,4,89;
19,4,25;
27,4,40;
83,3,145;
24,3,43;
29,3,49;
83,3,142;
47,4,68;
91,4,130;
90,4,129;
72,3,123;
7,4,8;
100,3,172;
42,3,74;
53,4,76;
89,4,127;
22,4,30;
2,4,1;
2,4,1;
24,4,35;
34,4,50;
26,4,38;
36,4,52;
100,4,143;
6,4,10;
22,4,33;
91,4,127;
98,4,140;
16,4,21;
14,4,18;
63,4,91;
20,4,27;
85,4,122;
13,3,24;
82,3,141;
21,4,31;
94,3,161;
7,3,11;
5,3,10;
6,4,10;
75,3,131;
8,3,15;
87,4,125;
10,3,16;
37,4,54;
44,3,75;
10,3,19;
59,4,82;
45,3,79;
58,3,99;
14,4,21;
89,3,153;
25,3,45;
3,4,3;
96,3,168;
58,3,99;
77,4,107;
23,3,38;
67,3,115;
88,3,154;
11,4,14;
63,4,91;
50,4,69;
18,3,33;
61,3,107;
65,4,93;
82,3,141;
90,4,126;
52,4,72;
1,4,0;
32,3,57;
5,3,10;
40,3,68;
85,4,122;
13,3,24;
78,3,134;
57,4,79;
63,4,91;
96,4,137;
16,3,29;
76,3,133;
20,3,36;
32,4,44;
54,3,92;
51,3,90;
62,4,86;
14,3,23;
94,3,161;
70,3,123;
34,3,57;
59,4,85;
83,3,145;
98,4,140;
60,4,83;
76,3,133;
21,4,31;
98,3,171;
25,3,45;
77,3,135;
7,3,11;
52,3,92;
43,3,73;
11,4,14;
22,4,30;
51,4,71;
22,3,37;
42,3,74;
21,4,31;
29,4,43;
83,3,145;
52,3,92;
55,3,94;
61,3,107;
79,3,138;
22,3,40;
61,4,85;
11,3,18;
66,4,92;
63,3,108;
72,4,103;
78,4,112;
62,4,89;
40,4,55;
79,3,135;
33,4,45;
12,3,19;
5,4,6;
75,4,105;
62,4,86;
44,3,75;
88,4,123;
48,3,82;
83,4,119;
98,3,168;
2,4,4;
81,4,116;
63,3,111;
100,3,172;
1,3,0;
12,4,18;
47,4,65;
71,3,121;
66,4,92;
55,4,76;
57,3,100;
82,3,144;
57,3,97;
25,4,34;
45,3,76;
73,3,125;
29,4,43;
21,4,28;
77,3,132;
22,3,40;
41,3,73;
94,3,164;
2,4,4;
15,3,27;
32,3,54;
61,3,107;
51,3,90;
64,3,109;
79,4,113;
20,4,30;
100,3,175;
6,4,10;
20,4,27;
62,3,106;
69,3,118;
42,3,74;
12,3,19;
38,3,67;
9,3,14;
64,4,89;
5,3,10;
89,3,153;
52,3,92;
42,3,74;
59,4,85;
11,3,18;
45,3,76;
26,3,47;
37,4,54;
46,4,64;
92,3,158;
39,3,66;
15,4,20;
94,4,131;
91,4,127;
30,4,41;
100,4,140;
70,4,97;
60,4,86;
25,4,34;
58,4,81;
34,3,60;
41,4,56;
34,3,60;
15,3,24;
85,3,146;
15,3,27;
82,4,117;
23,4,34;
57,3,100;
16,4,21;
46,3,78;
34,4,50;
90,3,154;
51,4,71;
68,3,116;
33,4,45;
36,3,61;
70,3,123;
31,4,42;
48,3,85;
54,3,92;
88,3,154;
64,3,109;
19,4,25;
24,3,43;
96,4,137;
70,4,97;
35,3,62;
84,4,117;
23,4,31;
92,3,161;
19,3,34;
97,3,167;
54,4,75;
66,3,113;
28,4,41;
81,3,142;
62,4,89;
38,4,52;
28,3,50;
54,4,78;
31,3,55;
12,4,18;
32,3,57;
81,4,113;
79,4,113;
96,4,134;
17,3,28;
93,4,133;
47,4,68;
11,4,14;
95,4,133;
79,3,138;
2,4,4;
10,3,19;
79,3,138;
6,4,7;
77,3,132;
62,3,109;
79,4,113;
20,4,30;
57,3,97;
1,3,3;
26,3,44;
71,3,124;
91,3,156;
33,4,48;
3,3,7;
29,3,52;
28,3,50;
31,4,45;
96,4,134;
17,4,23;
5,3,7;
48,4,66;
16,4,21;
9,3,17;
5,3,7;
47,3,83;
3,3,7;
94,4,134;
53,4,73;
38,3,64;
90,3,154;
66,4,92;
54,3,95;
63,4,88;
99,3,173;
32,4,47;
73,4,105;
27,4,40;
41,3,73;
44,3,78;
59,4,82;
26,3,44;
78,4,112;
89,3,156;
64,4,89;
61,3,107;
90,4,126;
47,4,68;
47,3,80;
29,4,40;
32,3,57;
77,4,110;
96,3,168;
67,4,93;
36,4,49;
4,4,4;
11,4,14;
51,3,87;
15,4,20;
6,3,12;
36,4,49;
2,3,5;
2,4,1;
80,3,137;
55,3,94;
84,4,120;
71,4,102;
87,3,152;
100,3,175;
87,4,122;
22,4,30;
45,4,62;
73,3,128;
74,3,130;
39,4,57;
95,3,166;
9,3,14;
33,3,59;
55,3,97;
68,3,119;
27,4,40;
44,3,78;
28,4,38;
61,4,88;
53,4,76;
27,3,45;
31,4,45;
25,4,37;
92,3,158;
59,4,82;
75,4,105;
53,3,93;
49,4,71;
41,4,56;
41,4,56;
24,3,43;
94,3,161;
43,3,76;
90,4,129;
97,3,170;
19,4,25;
10,3,16;
45,3,76;
56,4,81;
16,4,21;
1,3,0;
9,3,14;
19,3,31;
82,4,114;
37,4,54;
49,3,83;
5,3,7;
65,4,93;
16,4,24;
87,4,122;
47,4,68;
60,3,105;
9,3,14;
59,4,82;
61,3,107;
37,4,54;
5,3,10;
13,3,24;
39,4,57;
66,4,95;
31,4,42;
9,3,17;
23,3,41;
29,4,40;
58,4,84;
97,3,170;
11,3,21;
42,4,58;
27,3,45;
79,3,138;
64,4,92;
96,4,137;
74,4,106;
49,4,68;
65,3,114;
60,4,83;
47,4,65;
50,3,88;
18,3,30;
100,3,172;
89,3,153;
20,4,30;
72,4,100;
53,3,90;
12,4,18;
40,4,55;
61,3,104;
52,4,72;
23,4,34;
79,4,113;
20,3,33;
91,4,127;
76,4,106;
73,3,128;
46,4,64;
79,3,135;
52,4,75;
45,3,76;
23,3,41;
78,3,137;
10,4,13;
82,4,114;
84,3,147;
93,3,163;
95,3,163;
87,4,122;
60,3,105;
93,4,133;
27,4,40;
55,3,94;
59,3,101;
59,3,101;
8,4,10;
71,4,99;
93,3,160;
79,3,135;
36,4,52;
75,3,131;
77,4,110;
87,4,125;
14,4,18;
78,4,112;
85,4,122;
84,3,147;
78,3,134;
59,3,101;
85,4,122;
85,3,149;
94,3,164;
96,4,134;
30,3,50;
2,3,5;
63,4,88;
48,3,85;
26,3,44;
88,4,123;
5,3,7;
98,3,171;
33,3,59;
23,3,41;
88,3,151;
79,4,110;
33,4,45;
82,3,141;
44,4,61;
13,4,20;
75,4,105;
50,4,72;
31,4,42;
2,3,5;
59,3,101;
75,3,131;
61,3,104;
99,4,142;
99,3,170;
31,3,55;
55,4,76;
42,4,61;
63,4,91;
90,4,129;
38,3,67;
3,3,7;
56,4,81;
48,4,66;
70,3,120;
68,4,95;
43,4,59;
56,4,81;
60,3,105;
53,4,76;
8,3,15;
77,4,107;
14,3,23;
65,4,90;
88,4,123;
57,4,82;
28,4,38;
29,4,40;
43,3,76;
60,4,83;
66,3,116;
56,4,81;
14,4,21;
26,3,44;
70,4,97;
94,3,161;
80,3,137;
20,3,36;
34,3,60;
52,3,89;
42,4,61;
93,4,130;
29,4,40;
88,4,126;
58,4,84;
35,3,62;
23,4,31;
44,3,78;
62,3,106;
39,4,57;
58,4,84;
36,4,49;
1,4,0;
54,4,75;
73,3,125;
68,4,95;
77,3,132;
56,3,95;
66,4,95;
14,4,18;
94,4,134;
8,3,12;
19,4,28;
43,3,76;
91,4,130;
78,4,109;
79,4,110;
57,4,79;
39,3,66;
74,3,130;
26,4,35;
24,3,40;
25,4,34;
81,4,113;
5,3,10;
41,4,59;
2,4,1;
86,3,147;
72,3,126;
90,3,157;
49,3,83;
31,4,45;
36,3,64;
10,3,16;
28,3,47;
42,3,71;
56,3,95;
72,3,123;
61,4,85;
8,4,13;
47,3,80;
34,4,50;
90,3,157;
19,3,31;
52,4,75;
23,3,38;
93,3,160;
1,4,3;
91,4,130;
69,4,96;
96,4,134;
87,3,152;
8,3,12;
42,4,58;
11,4,14;
39,4,57;
49,4,71;
16,4,24;
39,3,69;
27,3,48;
30,4,44;
41,3,73;
84,4,120;
18,3,30;
70,4,100;
7,4,8;
78,4,109;
95,4,133;
96,3,168;
93,3,160;
15,3,27;
12,4,15;
76,3,133;
15,3,24;
50,4,69;
17,3,31;
45,4,65;
7,4,11;
100,4,143;
71,3,124;
66,3,116;
13,3,21;
14,3,26;
46,3,78;
83,3,145;
1,4,0;
10,4,16;
49,3,83;
62,3,109;
61,3,107;
32,4,47;
71,3,124;
40,4,58;
90,3,157;
25,4,37;
36,3,61;
94,4,134;
11,4,14;
10,4,13;
100,3,175;
3,4,3;
62,3,106;
95,3,166;
33,3,59;
62,3,106;
47,4,68;
15,3,27;
47,4,68;
89,3,153;
61,3,107;
22,3,37;
34,4,50;
42,3,71;
77,4,107;
71,3,124;
81,3,139;
88,3,154;
94,4,131;
12,3,19;
33,4,45;
82,4,114;
85,4,122;
23,3,41;
29,3,52;
66,4,95;
73,4,105;
78,3,134;
3,4,6;
38,4,52;
61,4,88;
63,3,111;
92,4,132;
60,3,102;
14,3,23;
9,3,14;
33,4,45;
41,3,73;
82,4,117;
22,4,30;
55,4,76;
69,4,99;
2,3,2;
71,4,99;
78,3,134;
57,4,82;
50,3,85;
39,3,66;
9,4,14;
53,4,76;
25,4,34;
45,3,76;
66,3,116;
17,4,26;
64,4,92;
2,4,1;
89,3,153;
16,4,24;
50,4,69;
85,3,149;
22,3,37;
42,4,61;
29,3,52;
52,3,92;
54,3,92;
20,4,30;
46,3,78;
57,4,82;
62,4,86;
32,4,47;
98,4,137;
56,4,78;
8,4,10;
50,3,88;
20,3,33;
75,3,131;
97,3,167;
100,3,175;
85,4,122;
30,4,41;
8,3,12;
19,3,31;
33,3,56;
30,3,50;
26,4,38;
29,3,49;
22,3,40;
58,3,99;
48,4,69;
32,3,54;
73,3,125;
81,3,139;
90,4,129;
25,4,37;
1,4,3;
90,3,154;
22,3,37;
60,3,102;
90,4,129;
77,4,110;
68,4,95;
9,3,17;
11,3,18;
55,4,79;
43,3,76;
82,3,141;
45,4,62;
100,3,172;
2,3,5;
49,4,71;
17,4,23;
28,3,50;
38,3,64;
87,3,149;
88,3,151;
93,3,160;
49,3,86;
94,4,134;
31,3,55;
12,4,15;
64,3,112;
64,4,89;
5,3,10;
4,3,8;
57,4,82;
98,4,137;
99,3,173;
60,4,86;
99,4,142;
18,4,27;
50,4,69;
69,4,99;
74,3,130;
92,3,161;
70,3,120;
29,4,43;
33,4,48;
49,4,71;
46,4,67;
73,4,105;
45,3,76;
52,3,89;
81,3,139;
64,3,109;
15,4,23;
96,3,168;
18,4,24;
8,4,10;
34,4,47;
86,3,150;
56,3,98;
13,4,20;
85,3,149;
48,4,69;
39,3,69;
68,3,116;
79,3,138;
6,3,9;
31,4,42;
54,3,95;
5,4,9;
16,4,21;
29,3,52;
20,4,30;
65,4,93;
36,3,61;
55,3,94;
8,4,10;
8,4,13;
66,3,116;
100,3,172;
39,3,69;
85,4,122;
86,4,123;
46,3,81;
41,3,70;
73,4,105;
87,4,122;
86,4,120;
93,4,130;
80,4,115;
50,3,85;
73,4,105;
69,3,121;
55,3,94;
37,3,63;
34,3,57;
60,3,102;
45,4,62;
49,3,86;
68,3,116;
2,3,2;
10,4,16;
60,3,102;
59,3,101;
21,3,38;
26,3,47;
38,3,67;
52,3,89;
35,4,51;
48,3,85;
81,4,116;
32,4,47;
50,4,69;
10,4,16;
93,4,130;
43,4,62;
3,4,6;
13,3,24;
74,3,130;
7,4,8;
32,4,44;
43,3,76;
86,3,147;
68,4,95;
69,3,118;
44,4,64;
82,3,141;
28,4,38;
70,3,123;
25,4,34;
77,3,132;
75,4,108;
54,4,75;
87,3,149;
1,3,0;
81,3,142;
48,3,85;
68,4,98;
12,4,18;
44,4,64;
32,3,54;
78,3,134;
73,3,125;
25,3,42;
96,3,165;
45,3,76;
54,3,95;
70,3,120;
11,3,18;
67,3,118;
94,4,131;
13,4,20;
7,4,8;
16,3,29;
53,4,76;
83,3,145;
50,3,85;
57,4,79;
88,4,123;
2,4,1;
13,4,17;
75,3,131;
32,4,47;
39,3,66;
68,3,119;
73,4,105;
88,4,126;
90,3,157;
98,4,140;
94,3,164;
11,4,17;
60,4,86;
20,3,36;
63,4,88;
90,4,126;
74,3,130;
5,4,6;
32,3,57;
47,3,83;
35,4,51;
58,4,81;
46,4,67;
48,3,85;
78,3,137;
63,3,108;
48,4,69;
67,3,115;
70,3,123;
50,3,85;
19,4,25;
14,4,21;
99,3,170;
31,3,55;
96,4,137;
17,4,26;
6,4,10;
62,4,86;
84,3,144;
45,4,62;
47,3,80;
44,3,75;
55,4,79;
38,4,52;
64,3,109;
23,4,34;
68,4,95;
50,4,69;
1,3,3;
58,3,99;
49,3,86;
65,3,111;
36,3,61;
87,4,122;
94,4,131;
69,3,118;
67,4,93;
56,4,78;
87,3,149;
38,4,52;
80,4,115;
51,3,87;
5,3,7;
9,3,14;
1,3,0;
99,4,139;
6,4,7;
34,4,50;
21,4,28;
81,4,113;
97,4,136;
26,3,44;
30,4,44;
95,4,136;
48,4,66;
79,4,110;
45,4,62;
76,3,130;
14,3,26;
66,3,116;
34,4,50;
47,3,83;
11,4,17;
27,4,37;
98,3,168;
60,4,86;
94,3,161;
82,3,144;
47,4,68;
97,4,139;
57,4,82;
83,3,142;
79,3,135;
86,3,150;
22,4,30;
29,3,52;
46,3,78;
77,4,107;
58,4,81;
31,4,42;
24,4,32;
14,4,21;
99,3,170;
27,3,48;
85,4,119;
61,4,88;
72,3,123;
45,3,79;
100,4,140;
26,4,35;
54,3,95;
56,3,98;
15,4,20;
13,3,24;
72,4,103;
78,4,112;
14,4,18;
69,4,96;
48,4,66;
6,4,7;
16,4,24;
41,4,56;
82,3,141;
22,3,40;
72,4,103;
83,4,116;
86,3,147;
27,4,40;
17,3,31;
21,4,28;
91,4,130;
58,4,84;
72,4,100;
41,3,73;
18,4,24;
41,4,56;
94,4,131;
31,3,52;
2,4,4;
63,4,88;
44,4,64;
66,3,113;
57,3,100;
31,4,45;
86,3,150;
27,3,48;
78,3,137;
90,4,126;
75,3,131;
5,4,6;
98,3,168;
60,3,105;
41,3,70;
15,4,20;
38,4,52;
67,4,93;
64,4,92;
39,4,54;
99,3,170;
79,3,135;
47,4,65;
55,4,76;
33,3,59;
93,3,163;
61,4,85;
7,4,8;
89,4,124;
16,3,29;
29,4,43;
60,3,102;
1,3,0;
90,4,126;
24,3,40;
53,3,90;
27,3,48;
24,4,32;
58,3,99;
72,3,123;
56,4,78;
77,3,135;
78,4,112;
6,4,7;
96,3,165;
59,4,82;
34,4,47;
98,4,140;
94,4,131;
5,4,9;
40,4,58;
78,4,112;
22,3,40;
57,4,82;
52,4,72;
64,4,92;
24,3,43;
35,3,59;
11,4,17;
42,3,71;
93,3,160;
99,4,139;
53,4,73;
61,3,107;
10,3,19;
13,4,17;
90,4,129;
76,4,109;
58,3,99;
17,4,26;
93,4,130;
39,4,54;
90,3,154;
17,4,23;
68,3,119;
75,4,105;
95,4,136;
77,3,132;
42,4,58;
68,4,98;
73,4,105;
64,4,92;
72,4,100;
58,3,99;
11,4,17;
69,3,118;
42,3,74;
30,4,41;
63,4,91;
12,3,22;
12,3,19;
96,3,168;
59,4,85;
6,4,10;
49,4,71;
21,4,31;
33,4,45;
74,3,127;
81,4,116;
85,3,149;
29,4,43;
66,4,92;
81,3,142;
46,3,81;
24,3,43;
27,4,40;
92,4,129;
51,4,74;
40,3,68;
56,4,81;
60,4,86;
42,3,71;
79,3,135;
77,4,107;
48,4,69;
5,4,6;
76,4,106;
30,4,41;
3,4,3;
53,4,73;
4,3,8;
31,3,55;
1,3,0;
39,4,54;
95,4,136;
1,3,3;
59,4,85;
8,4,13;
37,4,51;
46,4,67;
62,4,89;
83,4,119;
50,3,85;
29,3,52;
30,4,44;
65,3,114;
57,4,82;
90,4,129;
21,4,28;
41,3,70;
55,4,76;
61,3,104;
43,3,73;
87,3,152;
91,4,127;
20,3,36;
54,3,92;
4,4,4;
25,3,42;
65,3,111;
71,4,99;
46,3,81;
27,3,45;
85,4,119;
36,3,64;
90,4,126;
60,4,83;
3,3,7;
62,3,106;
5,4,6;
91,3,159;
68,4,95;
61,3,107;
84,4,120;
81,3,139;
72,3,123;
87,3,149;
69,4,99;
56,4,81;
4,3,5;
82,3,141;
58,3,102;
73,3,125;
10,4,13;
6,4,10;
12,3,19;
73,3,128;
47,4,65;
31,4,45;
91,4,130;
20,3,36;
36,4,49;
74,4,106;
4,4,7;
67,4,93;
19,3,31;
51,3,87;
6,3,12;
39,4,57;
35,3,62;
73,4,105;
5,4,6;
94,4,131;
39,4,54;
42,4,61;
84,4,117;
94,3,161;
44,4,64;
3,4,6;
67,3,118;
68,4,95;
3,4,6;
44,3,78;
35,4,48;
56,4,81;
48,3,85;
3,4,3;
62,4,86;
14,3,26;
89,3,156;
45,4,65;
6,4,10;
2,4,1;
76,3,133;
54,3,95;
67,4,93;
62,3,106;
65,4,90;
13,3,21;
84,4,120;
74,3,127;
14,4,18;
19,4,25;
7,3,11;
26,3,47;
38,3,67;
27,4,40;
16,3,29;
25,3,45;
32,4,44;
2,4,1;
35,3,62;
56,4,81;
90,4,129;
87,3,152;
25,3,42;
28,3,50;
17,4,23;
62,3,106;
16,3,26;
35,3,59;
77,4,107;
77,3,135;
29,3,49;
12,4,15;
4,4,7;
37,4,54;
28,3,50;
67,3,118;
8,4,10;
59,3,101;
61,4,88;
81,4,113;
82,4,117;
11,3,21;
33,4,45;
43,3,76;
57,3,97;
68,4,95;
39,4,57;
67,3,118;
82,3,141;
15,3,24;
38,4,52;
21,3,38;
94,4,131;
26,3,47;
42,4,61;
15,3,24;
64,4,92;
79,3,135;
31,3,55;
29,4,43;
52,3,92;
38,4,55;
12,3,22;
36,3,64;
79,4,110;
41,4,59;
5,3,10;
80,4,112;
34,4,47;
18,4,24;
76,3,130;
75,4,105;
26,3,44;
80,4,115;
39,4,57;
59,3,104;
25,3,45;
73,4,102;
62,4,89;
96,4,134;
54,3,95;
83,3,142;
1,3,0;
61,3,107;
46,3,81;
2,4,4;
40,3,71;
53,4,73;
52,4,72;
28,3,50;
49,3,86;
13,4,20;
20,3,36;
11,4,14;
91,4,127;
69,4,96;
99,3,173;
46,3,78;
89,3,153;
48,3,85;
69,4,99;
37,4,51;
22,4,33;
53,4,76;
55,4,76;
63,3,111;
24,3,40;
41,4,56;
72,4,103;
71,4,102;
10,3,19;
11,3,18;
5,4,9;
93,4,130;
2,4,4;
45,4,65;
12,3,19;
71,3,124;
83,3,145;
40,3,71;
9,3,14;
74,3,127;
63,3,111;
35,4,51;
79,3,135;
80,3,140;
74,4,106;
49,3,86;
87,4,122;
75,3,131;
39,3,69;
42,4,58;
88,4,123;
69,3,121;
39,3,66;
31,4,42;
13,4,17;
63,4,91;
98,3,168;
9,4,11;
61,3,104;
76,3,130;
19,4,25;
41,3,73;
80,3,137;
66,3,116;
32,4,47;
57,3,97;
23,3,38;
53,4,73;
5,3,10;
100,3,172;
32,4,47;
75,4,105;
45,4,65;
81,3,139;
93,4,130;
10,3,19;
58,3,99;
91,3,159;
94,3,161;
25,4,34;
68,3,119;
51,4,71;
1,3,3;
91,3,156;
16,4,24;
39,4,57;
75,3,128;
11,3,18;
70,3,123;
63,3,111;
65,3,111;
97,3,170;
64,3,112;
2,4,4;
89,3,156;
34,4,47;
26,3,44;
80,3,137;
12,3,19;
94,3,161;
39,4,54;
97,4,139;
57,4,82;
89,3,156;
15,3,24;
82,4,114;
13,4,20;
99,4,142;
41,3,73;
93,4,130;
68,4,95;
6,4,7;
45,4,62;
99,3,170;
84,4,117;
90,4,129;
57,4,79;
61,3,107;
28,3,47;
51,3,90;
24,3,40;
73,3,125;
55,3,97;
14,3,26;
36,3,64;
9,4,14;
47,4,68;
93,3,160;
22,4,33;
18,4,27;
72,3,123;
100,3,172;
24,3,40;
74,3,130;
67,4,96;
5,4,9;
85,4,122;
1,3,3;
21,3,38;
80,3,140;
18,3,30;
87,3,152;
94,3,164;
49,3,86;
85,3,146;
65,3,111;
60,4,86;
21,4,31;
98,4,140;
33,4,45;
83,3,142;
2,4,4;
26,4,35;
54,3,92;
30,4,44;
22,3,40;
88,3,154;
37,3,63;
33,3,59;
73,3,125;
51,4,71;
94,4,131;
43,3,73;
19,3,31;
91,3,159;
93,3,163;
24,4,32;
60,4,83;
40,3,71;
28,3,50;
95,4,133;
32,4,44;
33,3,59;
95,4,136;
14,3,23;
60,3,102;
26,3,47;
6,3,12;
16,3,29;
33,3,56;
17,3,28;
59,3,104;
55,4,79;
59,3,101;
27,4,37;
22,4,33;
7,4,11;
11,4,14;
54,3,95;
79,3,135;
33,3,59;
52,4,75;
21,4,28;
30,3,50;
10,4,16;
50,4,69;
17,3,28;
41,3,70;
21,4,31;
84,3,147;
84,3,147;
93,3,160;
74,4,106;
32,4,44;
32,4,47;
13,4,17;
51,3,90;
83,3,145;
67,3,115;
10,4,13;
53,4,76;
9,3,17;
43,3,76;
20,3,36;
70,3,120;
55,4,76;
97,3,170;
78,3,137;
27,3,48;
23,3,41;
86,3,150;
79,3,135;
41,4,56;
48,3,85;
93,4,130;
5,3,10;
29,4,43;
26,4,38;
67,3,118;
49,3,83;
16,3,26;
9,4,14;
61,3,107;
30,3,50;
18,4,27;
23,3,41;
73,3,125;
36,4,52;
50,3,85;
21,4,28;
59,3,104;
87,3,149;
91,3,159;
17,4,23;
74,3,130;
99,4,139;
87,4,125;
4,4,7;
57,4,79;
79,3,135;
60,4,83;
1,4,3;
44,3,75;
89,3,156;
5,3,10;
66,4,92;
15,4,20;
88,4,123;
16,4,24;
83,3,142;
24,4,35;
24,3,43;
45,3,76;
78,3,134;
49,4,68;
88,3,151;
82,3,141;
31,3,52;
22,3,37;
10,3,16;
5,3,7;
64,3,109;
78,3,134;
75,4,105;
69,4,99;
74,4,106;
57,3,100;
97,4,139;
35,3,62;
16,3,26;
98,4,140;
12,4,18;
78,4,109;
94,3,161;
22,3,40;
29,4,43;
13,3,21;
72,3,126;
59,4,82;
63,4,91;
70,4,100;
15,4,20;
2,4,1;
2,4,1;
3,4,3;
38,3,64;
68,4,95;
23,3,41;
51,4,74;
31,4,45;
35,4,48;
61,4,88;
41,3,73;
86,3,150;
63,3,111;
81,4,116;
41,4,56;
65,3,114;
42,3,71;
25,4,37;
4,4,4;
1,3,0;
97,4,136;
69,3,121;
66,4,92;
27,4,37;
2,4,1;
94,4,131;
30,3,50;
35,3,59;
91,4,130;
78,3,137;
2,4,1;
71,3,121;
50,3,85;
66,3,113;
44,3,75;
66,4,95;
95,4,136;
73,4,105;
62,4,86;
64,3,109;
26,4,35;
23,3,38;
50,4,72;
30,4,44;
8,3,15;
7,4,8;
91,3,156;
48,4,69;
76,4,106;
45,4,65;
6,3,12;
45,4,62;
13,3,24;
88,4,126;
11,4,17;
63,4,88;
29,3,49;
17,4,23;
88,4,123;
29,3,49;
8,4,13;
62,3,109;
26,4,38;
59,3,101;
16,4,21;
1,3,3;
6,3,12;
85,4,122;
54,4,78;
40,3,68;
6,4,7;
94,4,131;
71,3,121;
9,3,17;
84,3,147;
100,4,140;
46,4,67;
89,3,153;
33,3,59;
68,4,98;
47,3,83;
61,3,104;
98,3,168;
98,3,171;
76,4,109;
63,4,88;
94,3,164;
41,4,56;
23,4,31;
39,4,57;
23,4,31;
7,3,14;
96,4,134;
52,3,92;
48,4,69;
53,4,76;
60,3,105;
42,3,71;
49,4,68;
37,4,54;
48,3,85;
68,4,95;
48,3,82;
24,3,40;
31,4,42;
7,4,11;
14,3,23;
38,3,64;
34,4,47;
88,3,151;
62,4,86;
82,4,114;
20,3,36;
29,4,40;
89,3,156;
43,3,76;
2,3,5;
44,3,78;
31,4,45;
70,4,100;
100,4,143;
81,3,139;
96,3,165;
9,3,17;
74,3,127;
62,4,86;
89,3,156;
96,4,134;
44,3,75;
15,3,27;
63,4,88;
81,3,139;
34,3,60;
96,4,137;
94,4,134;
98,4,137;
5,3,7;
38,4,52;
24,3,40;
93,4,133;
72,3,126;
45,4,62;
70,3,123;
20,4,27;
69,3,121;
7,3,11;
64,4,92;
100,3,175;
33,4,48;
2,4,4;
70,3,120;
30,4,44;
66,4,95;
18,3,33;
81,4,116;
21,3,35;
100,4,140;
83,3,145;
98,4,140;
16,4,21;
68,3,119;
33,3,56;
69,4,99;
79,4,113;
45,4,65;
70,3,123;
41,3,73;
83,4,119;
23,3,41;
81,3,139;
93,4,133;
27,3,45;
42,4,61;
55,3,97;
19,3,31;
50,4,72;
74,4,106;
47,4,68;
65,3,111;
97,4,136;
77,4,110;
17,3,28;
17,4,23;
58,4,84;
91,4,130;
28,4,38;
63,4,88;
28,3,47;
99,3,173;
37,4,54;
94,4,131;
72,3,126;
21,4,28;
87,3,152;
88,3,154;
84,3,147;
41,4,56;
86,3,150;
15,3,27;
6,4,10;
15,3,27;
32,4,44;
33,4,45;
97,3,170;
47,4,68;
29,3,49;
3,4,6;
89,4,127;
43,3,73;
1,3,3;
82,3,141;
95,4,136;
65,4,90;
18,4,24;
80,3,137;
61,3,107;
98,4,140;
91,3,156;
51,3,90;
31,4,45;
72,4,100;
79,4,113;
77,4,110;
87,3,149;
39,4,54;
53,4,73;
96,4,137;
54,4,75;
21,4,31;
82,3,141;
70,3,123;
98,4,140;
76,3,133;
39,3,69;
53,4,73;
25,3,45;
39,3,66;
33,3,56;
86,3,150;
90,3,157;
79,3,135;
59,3,101;
17,3,31;
46,3,81;
21,3,35;
83,4,116;
51,4,74;
97,3,167;
30,3,53;
62,4,89;
89,3,156;
8,3,12;
80,4,112;
92,4,129;
77,3,135;
8,3,12;
9,4,14;
39,3,69;
84,4,120;
62,4,86;
32,4,47;
13,3,21;
66,4,92;
9,4,14;
99,3,173;
28,4,38;
27,3,48;
20,3,36;
11,3,18;
82,3,141;
38,4,55;
12,4,18;
83,4,116;
30,3,50;
84,4,120;
10,3,19;
73,4,105;
4,4,4;
58,3,102;
20,3,36;
44,3,78;
18,4,24;
42,4,58;
37,4,51;
13,4,20;
26,4,35;
9,4,14;
69,3,121;
16,4,24;
60,4,86;
50,3,85;
31,4,42;
8,4,10;
15,3,24;
81,4,113;
8,3,15;
27,3,45;
52,4,75;
98,3,171;
24,4,32;
4,3,8;
51,3,87;
94,4,131;
22,3,37;
23,4,34;
56,3,95;
55,4,76;
44,3,78;
75,3,131;
62,4,86;
84,3,147;
92,4,129;
23,4,34;
31,3,55;
29,3,52;
5,3,10;
67,3,118;
3,4,6;
95,4,133;
9,3,14;
30,4,41;
100,3,175;
7,3,14;
50,4,72;
23,4,34;
34,4,50;
11,3,21;
34,4,47;
25,4,34;
72,3,123;
36,4,49;
62,4,89;
61,4,88;
79,4,113;
37,4,51;
29,3,52;
99,3,170;
23,3,38;
20,3,33;
58,3,99;
21,4,28;
30,3,53;
4,3,8;
13,3,21;
59,4,82;
72,4,103;
84,4,117;
71,3,121;
8,3,12;
49,3,86;
46,3,81;
13,4,20;
64,4,89;
89,3,156;
21,3,38;
58,4,81;
35,4,48;
59,4,85;
56,4,78;
99,4,142;
5,3,10;
20,3,33;
35,4,48;
9,4,14;
75,4,108;
82,4,114;
48,4,66;
49,3,83;
7,4,11;
73,3,125;
3,3,4;
3,4,3;
1,4,0;
18,3,33;
94,3,164;
7,3,14;
10,4,13;
74,4,103;
52,4,72;
24,3,40;
42,4,61;
65,4,90;
7,3,14;
1,3,0;
70,3,120;
33,3,59;
56,4,78;
50,3,85;
9,4,11;
14,3,26;
29,3,49;
38,4,52;
28,4,38;
97,3,170;
70,3,123;
50,4,72;
43,3,76;
53,3,93;
78,3,134;
7,4,8;
30,4,41;
82,3,141;
63,3,108;
69,4,99;
68,3,119;
92,4,129;
92,4,129;
93,3,160;
28,3,47;
73,3,125;
61,4,85;
45,4,65;
91,3,156;
87,3,149;
68,4,95;
75,3,128;
15,3,24;
46,3,78;
50,4,72;
89,3,156;
97,4,136;
70,4,97;
55,4,79;
92,4,132;
18,4,27;
54,4,78;
21,4,31;
1,4,0;
74,4,103;
75,3,131;
86,3,147;
41,3,73;
2,4,1;
28,4,38;
16,4,24;
19,4,28;
26,3,47;
26,3,44;
6,3,9;
96,3,165;
79,4,110;
63,3,108;
60,4,86;
75,3,128;
30,3,50;
29,3,49;
92,3,158;
97,4,136;
18,4,27;
32,3,54;
66,4,95;
75,3,131;
36,3,64;
86,3,147;
96,4,134;
88,3,151;
71,4,99;
98,3,168;
6,3,12;
29,3,49;
64,3,112;
21,3,38;
24,3,43;
90,3,154;
18,3,30;
37,4,54;
55,4,79;
60,4,86;
83,4,116;
62,3,106;
12,4,15;
72,3,126;
9,3,17;
98,3,168;
32,3,54;
81,4,113;
46,4,64;
33,4,45;
82,3,141;
85,4,122;
45,3,79;
77,4,107;
24,4,32;
65,4,93;
56,3,98;
23,4,31;
74,4,106;
4,4,7;
87,3,152;
93,3,160;
66,3,113;
100,3,175;
56,3,95;
98,3,168;
15,3,24;
54,3,92;
50,3,85;
85,4,119;
55,3,97;
85,3,149;
55,4,76;
67,4,96;
91,3,156;
65,3,111;
80,4,112;
53,3,90;
60,3,102;
16,3,29;
41,3,73;
100,3,172;
56,3,98;
3,4,3;
79,3,138;
39,4,57;
12,3,19;
6,4,7;
93,3,163;
12,4,18;
98,4,140;
26,4,38;
90,3,157;
95,3,163;
7,4,11;
19,3,31;
53,3,90;
82,4,117;
40,4,58;
80,4,115;
58,3,102;
9,3,17;
40,3,71;
65,3,111;
10,4,16;
96,4,137;
2,3,2;
12,3,19;
89,3,153;
29,3,52;
43,4,59;
67,4,96;
52,4,75;
29,4,40;
21,3,35;
98,4,137;
83,4,116;
47,3,83;
17,3,28;
41,4,59;
71,4,102;
30,4,44;
88,3,154;
11,4,17;
57,3,100;
7,4,8;
33,4,45;
47,3,80;
56,3,98;
52,3,89;
82,4,114;
84,4,120;
54,4,75;
34,4,47;
7,3,14;
35,3,59;
38,3,64;
13,4,20;
44,3,78;
26,4,38;
7,3,11;
91,4,130;
24,3,43;
29,3,49;
7,3,11;
16,4,21;
42,4,61;
28,3,50;
37,3,66;
50,3,85;
2,3,5;
38,3,67;
37,4,54;
68,3,119;
91,3,159;
54,4,78;
47,3,83;
93,4,133;
22,4,30;
53,3,90;
30,4,41;
79,3,135;
84,3,147;
10,4,13;
31,3,52;
90,3,154;
83,3,145;
96,4,134;
53,3,93;
66,3,116;
50,3,88;
84,4,117;
83,3,145;
33,4,48;
37,3,63;
59,3,104;
43,3,73;
19,3,34;
98,4,137;
22,4,33;
82,3,144;
24,4,35;
63,4,88;
72,3,126;
23,3,41;
26,3,47;
64,4,89;
34,3,57;
7,4,11;
91,3,159;
67,3,115;
66,4,92;
86,4,120;
53,4,76;
74,3,127;
18,3,30;
58,3,99;
6,4,7;
70,3,120;
68,4,98;
83,3,145;
33,4,45;
39,3,69;
62,4,86;
88,3,154;
34,4,50;
60,4,83;
93,3,160;
29,3,52;
54,3,92;
57,3,97;
51,4,74;
54,3,92;
80,4,115;
22,3,37;
30,3,50;
35,3,62;
44,4,64;
93,3,163;
49,3,83;
44,3,78;
97,4,136;
50,3,88;
74,3,130;
86,3,147;
98,3,168;
81,3,139;
55,3,94;
14,4,21;
69,3,121;
86,4,120;
23,3,41;
78,4,112;
12,4,18;
9,4,11;
70,4,97;
19,3,31;
3,3,4;
2,3,2;
2,4,1;
11,4,14;
60,4,83;
82,4,114;
15,3,24;
45,3,79;
62,3,106;
4,4,7;
84,4,120;
61,4,88;
32,3,54;
30,3,53;
100,3,172;
2,3,5;
82,4,117;
84,4,117;
75,4,108;
88,4,123;
8,3,15;
38,3,64;
16,3,29;
38,3,64;
97,3,170;
4,3,5;
18,4,27;
85,4,119;
62,4,89;
90,3,154;
40,3,68;
5,4,9;
3,4,6;
70,4,97;
69,3,118;
52,3,92;
30,3,50;
30,3,50;
46,4,64;
85,4,122;
85,3,146;
82,3,144;
62,3,106;
68,4,95;
95,4,136;
48,4,69;
16,4,24;
29,3,52;
11,3,18;
2,4,4;
2,4,1;
47,4,68;
38,4,52;
34,3,57;
54,4,75;
32,4,44;
6,3,12;
98,3,168;
16,4,21;
96,4,134;
32,4,44;
67,3,115;
96,4,134;
15,4,23;
32,3,57;
17,3,28;
48,4,66;
53,4,73;
91,4,127;
22,3,40;
93,3,163;
60,3,105;
63,3,111;
85,4,119;
58,4,84;
79,4,110;
46,4,64;
71,4,99;
14,4,21;
74,4,103;
37,4,51;
37,3,63;
14,4,21;
91,4,127;
1,4,0;
87,3,149;
74,3,127;
62,3,109;
47,3,80;
24,4,35;
67,3,118;
36,3,61;
71,4,102;
18,4,27;
6,4,7;
93,3,160;
49,4,68;
60,4,86;
23,4,34;
86,4,120;
77,4,107;
60,3,102;
79,4,113;
83,3,142;
34,4,50;
45,3,76;
87,3,149;
9,4,11;
37,3,63;
45,4,65;
62,4,89;
71,3,121;
67,4,96;
80,3,140;
69,3,121;
12,3,19;
18,3,33;
78,3,134;
47,3,80;
9,3,14;
77,3,135;
43,4,62;
44,3,78;
73,3,125;
90,3,154;
48,3,85;
8,3,15;
44,4,64;
55,3,97;
93,4,130;
62,4,89;
16,3,26;
54,4,78;
81,3,142;
31,4,42;
10,4,16;
99,4,139;
4,3,5;
35,4,51;
17,3,31;
45,3,76;
42,3,71;
86,3,150;
60,3,102;
67,3,115;
20,4,30;
36,4,52;
95,4,136;
45,3,76;
28,4,38;
73,4,102;
8,3,15;
24,3,43;
81,3,139;
89,3,156;
14,3,26;
39,4,57;
25,3,45;
42,3,71;
15,4,23;
63,4,88;
33,4,45;
78,4,109;
43,4,59;
49,3,83;
82,3,141;
20,4,30;
83,3,145;
52,4,72;
93,4,133;
61,4,85;
82,4,117;
22,4,33;
49,4,68;
86,4,123;
96,3,165;
24,3,40;
100,3,172;
32,4,44;
26,4,35;
1,3,0;
3,4,3;
32,4,44;
55,3,94;
5,3,7;
44,4,61;
49,4,68;
31,4,42;
43,3,73;
27,3,45;
97,3,170;
14,4,18;
85,4,122;
32,3,54;
88,3,151;
96,4,134;
72,3,123;
78,4,109;
67,3,115;
86,3,147;
73,3,125;
2,3,5;
75,4,105;
43,3,73;
79,3,135;
63,4,91;
8,3,15;
91,4,130;
54,4,75;
51,3,90;
38,4,55;
93,3,160;
92,4,129;
35,3,59;
100,3,175;
69,3,121;
32,4,44;
14,3,26;
58,3,99;
56,3,95;
47,3,83;
47,3,83;
94,4,134;
35,4,48;
92,4,129;
61,3,104;
34,3,57;
58,3,99;
50,3,88;
9,3,17;
10,4,16;
70,3,123;
62,4,86;
68,3,116;
3,3,4;
73,3,125;
88,3,154;
23,4,31;
21,4,31;
99,3,170;
40,4,55;
83,4,116;
17,3,31;
29,4,43;
3,3,4;
6,3,9;
13,3,21;
17,3,28;
85,3,149;
77,3,132;
92,4,132;
44,4,61;
63,4,91;
98,4,140;
19,4,25;
55,4,76;
53,4,76;
85,3,149;
78,3,134;
13,4,20;
20,3,33;
87,4,125;
82,3,144;
21,3,35;
49,3,86;
5,3,10;
41,4,56;
60,4,86;
66,3,116;
36,4,52;
26,3,44;
35,3,59;
25,3,42;
62,3,109;
19,4,25;
99,4,142;
100,4,143;
3,3,4;
72,4,100;
41,3,70;
61,3,107;
32,4,47;
13,4,17;
5,3,10;
40,4,55;
6,4,7;
62,4,89;
4,4,4;
81,4,116;
56,4,81;
100,3,172;
93,3,160;
70,3,123;
79,3,135;
35,3,59;
60,4,83;
9,4,11;
26,3,44;
60,4,83;
100,3,172;
15,4,20;
21,4,28;
55,4,79;
33,4,48;
54,4,78;
49,4,68;
99,3,170;
86,4,123;
99,4,142;
58,3,99;
16,3,29;
66,3,113;
70,3,120;
99,4,142;
15,3,27;
64,3,109;
72,4,100;
70,4,100;
12,3,22;
56,3,98;
91,3,159;
36,3,61;
20,4,30;
54,3,92;
51,4,71;
46,3,78;
67,4,93;
8,3,15;
56,3,95;
6,4,10;
18,3,30;
60,4,86;
100,3,175;
63,4,88;
80,4,115;
34,3,60;
15,3,27;
41,4,56;
30,4,41;
94,3,161;
99,4,139;
83,3,145;
62,4,89;
7,4,8;
10,4,16;
18,4,27;
90,4,129;
68,3,119;
78,4,109;
6,3,9;
98,3,171;
90,4,129;
50,3,85;
68,4,95;
10,3,16;
66,3,116;
97,4,139;
45,4,65;
45,4,65;
48,3,85;
39,4,57;
68,4,95;
93,3,163;
59,3,104;
86,3,147;
100,4,143;
67,4,93;
41,3,73;
69,3,121;
43,3,73;
9,3,17;
23,4,34;
66,3,116;
81,4,116;
46,3,78;
25,3,45;
7,4,8;
41,4,59;
15,4,20;
45,3,76;
37,4,51;
7,4,8;
42,4,58;
36,4,49;
83,3,145;
35,3,59;
74,4,103;
22,4,33;
60,4,86;
98,3,168;
69,3,121;
45,3,79;
36,3,64;
79,4,113;
89,4,124;
59,3,101;
55,4,76;
77,3,132;
61,4,85;
77,3,135;
46,4,67;
61,4,88;
74,3,127;
18,3,33;
84,4,117;
99,4,139;
88,4,126;
26,3,47;
31,3,55;
87,3,149;
7,3,11;
7,4,8;
41,3,73;
100,3,175;
52,3,89;
45,4,65;
96,4,134;
52,4,72;
71,3,121;
29,3,52;
63,4,91;
16,4,21;
67,3,118;
22,4,30;
60,3,102;
93,3,160;
46,3,78;
74,4,103;
46,3,78;
44,4,61;
39,3,69;
30,4,44;
64,4,92;
41,3,73;
14,3,23;
79,3,135;
32,3,54;
96,3,165;
76,3,130;
35,4,48;
70,4,97;
51,3,90;
8,3,12;
17,4,26;
79,3,138;
83,3,145;
17,3,28;
70,4,97;
68,4,98;
53,3,93;
5,3,7;
73,4,105;
76,4,106;
59,4,82;
51,4,71;
6,3,12;
37,4,54;
78,3,134;
92,3,161;
83,3,145;
17,3,28;
2,4,1;
75,3,131;
53,3,93;
26,4,38;
1,4,0;
10,4,16;
53,3,90;
21,4,31;
62,3,109;
45,4,62;
53,4,73;
87,3,152;
49,3,86;
44,3,78;
32,4,44;
8,4,10;
14,4,18;
13,3,21;
15,3,24;
89,4,124;
63,3,111;
18,3,33;
81,3,139;
94,4,134;
17,3,28;
77,3,135;
53,4,73;
91,4,127;
59,3,104;
78,4,112;
18,4,24;
84,3,144;
71,4,99;
43,4,62;
10,4,16;
92,3,161;
7,4,8;
11,4,17;
38,4,55;
96,4,134;
38,3,64;
3,3,7;
13,3,21;
57,3,100;
97,4,139;
13,3,24;
7,3,11;
23,3,38;
78,3,134;
60,3,105;
100,3,175;
46,4,64;
36,3,64;
13,3,24;
28,4,38;
16,3,26;
31,3,55;
66,4,95;
89,4,124;
8,3,15;
76,4,109;
20,4,27;
22,3,37;
4,3,5;
67,4,93;
82,4,114;
3,3,4;
1,4,0;
17,3,31;
62,4,89;
92,4,129;
77,4,110;
77,3,135;
100,4,143;
20,4,27;
20,3,36;
5,4,6;
12,3,22;
77,4,110;
65,3,111;
47,3,83;
16,4,21;
90,3,157;
61,4,85;
29,4,43;
28,4,41;
74,3,127;
91,3,156;
71,3,121;
21,3,35;
4,4,7;
69,3,121;
70,3,120;
100,3,175;
39,3,69;
32,3,57;
94,3,161;
22,4,33;
91,3,156;
46,3,78;
27,3,48;
95,4,133;
85,4,119;
35,3,59;
88,4,123;
24,4,32;
48,3,82;
22,4,33;
68,4,98;
97,3,167;
32,4,44;
83,4,119;
21,4,28;
8,4,13;
52,3,92;
19,4,25;
40,3,71;
90,3,154;
35,3,59;
37,3,66;
75,4,108;
52,4,72;
18,3,33;
8,3,15;
27,3,48;
75,4,108;
62,4,86;
2,3,5;
95,3,163;
53,3,93;
17,4,26;
10,3,16;
42,4,61;
57,4,82;
17,3,31;
95,4,136;
15,4,20;
77,3,132;
29,4,40;
70,3,120;
8,4,10;
33,4,45;
92,3,158;
33,3,59;
10,4,16;
18,3,33;
49,3,83;
68,4,98;
34,4,50;
40,3,71;
28,4,38;
97,3,167;
74,3,130;
45,3,76;
53,3,93;
66,3,113;
29,4,40;
7,4,11;
82,4,117;
67,3,118;
11,4,14;
46,3,78;
27,4,40;
15,4,23;
84,3,147;
33,4,48;
63,4,91;
40,4,55;
74,4,106;
86,4,123;
7,3,14;
89,4,127;
11,3,21;
67,4,96;
15,4,23;
86,4,123;
60,3,105;
74,3,130;
80,3,140;
67,3,115;
9,4,11;
46,4,67;
16,3,29;
48,4,66;
78,3,137;
19,3,31;
3,4,6;
36,4,49;
86,4,123;
56,3,98;
9,4,14;
94,3,164;
55,4,76;
31,3,52;
46,3,78;
17,3,31;
100,3,172;
45,3,76;
87,4,122;
35,3,59;
35,4,48;
8,4,10;
73,4,105;
34,3,57;
92,4,129;
68,3,116;
38,3,64;
95,3,163;
18,3,30;
51,4,71;
82,4,117;
31,3,55;
44,3,75;
50,4,72;
71,3,124;
90,4,126;
67,4,93;
3,4,6;
37,4,51;
38,3,67;
98,4,137;
54,4,78;
49,3,83;
8,4,10;
41,4,59;
28,3,47;
51,4,74;
90,3,157;
1,4,0;
19,3,31;
7,4,8;
97,3,170;
34,3,57;
53,3,93;
15,4,23;
33,4,45;
64,3,109;
13,3,24;
67,4,93;
89,3,156;
21,4,28;
21,4,31;
3,3,7;
6,3,12;
78,3,134;
17,4,23;
95,3,163;
17,3,28;
41,4,56;
87,3,149;
84,3,147;
40,4,58;
28,3,50;
77,4,107;
70,3,123;
9,3,14;
75,4,108;
14,3,23;
57,4,79;
82,4,117;
98,3,168;
94,3,164;
45,3,79;
77,4,110;
67,4,93;
1,3,3;
70,4,100;
31,4,45;
10,4,16;
80,4,112;
36,3,61;
51,3,90;
3,3,4;
67,3,115;
24,4,32;
54,4,75;
45,4,65;
80,4,112;
50,3,88;
35,3,59;
98,4,137;
37,4,51;
66,3,116;
28,3,50;
60,4,83;
62,4,89;
20,3,36;
75,3,128;
73,3,128;
67,3,115;
8,3,15;
84,4,117;
41,4,56;
19,4,25;
39,3,66;
86,4,123;
82,3,144;
93,4,130;
29,3,52;
30,3,53;
8,4,10;
27,3,45;
79,3,138;
68,3,116;
55,3,97;
94,4,134;
68,3,119;
27,3,45;
52,3,89;
65,4,93;
71,3,121;
74,3,130;
15,4,23;
31,4,45;
76,3,133;
41,4,59;
61,3,107;
11,4,17;
49,4,68;
3,3,4;
75,3,128;
87,3,152;
97,3,167;
78,4,109;
21,3,35;
94,4,134;
46,4,64;
40,4,58;
60,3,105;
47,3,80;
77,3,135;
94,3,164;
23,4,31;
58,3,99;
25,4,37;
64,4,89;
98,3,168;
43,3,73;
27,4,37;
1,3,3;
61,3,107;
61,4,85;
86,4,123;
88,4,126;
54,4,75;
23,4,31;
65,3,114;
25,4,34;
99,4,142;
75,4,108;
82,3,141;
82,4,117;
100,4,140;
90,4,126;
45,4,62;
69,4,99;
95,4,133;
90,3,157;
67,3,118;
87,3,152;
11,4,14;
60,4,86;
2,3,5;
74,4,103;
39,4,57;
9,3,14;
86,3,147;
87,3,152;
2,4,1;
31,4,42;
93,4,133;
16,3,29;
2,4,1;
37,3,63;
79,3,135;
68,4,98;
13,4,17;
64,4,89;
23,3,41;
98,3,171;
61,3,104;
29,4,40;
51,3,87;
53,4,76;
33,4,48;
29,4,43;
83,4,119;
28,3,50;
7,4,11;
70,3,123;
36,4,49;
93,3,163;
59,4,82;
71,3,121;
63,3,111;
60,4,83;
69,4,99;
72,3,123;
73,3,128;
1,4,3;
99,4,142;
43,3,73;
70,3,123;
68,4,98;
20,4,27;
13,3,24;
7,4,8;
62,4,89;
39,3,69;
4,4,4;
43,3,76;
87,3,149;
99,3,170;
49,3,86;
77,4,107;
59,3,104;
6,3,9;
96,4,134;
55,4,76;
30,4,44;
14,4,21;
31,3,52;
30,3,53;
84,3,147;
14,3,26;
8,4,10;
78,3,134;
87,3,149;
76,4,106;
54,4,78;
54,3,95;
92,3,158;
70,3,123;
11,4,17;
63,3,111;
23,3,41;
19,3,31;
81,4,116;
41,3,70;
63,4,91;
50,4,69;
5,3,7;
30,3,53;
33,3,59;
26,3,47;
94,4,131;
12,4,18;
27,4,37;
84,4,120;
92,3,158;
56,3,95;
96,4,137;
19,4,25;
2,4,1;
15,4,20;
14,3,23;
74,4,103;
94,3,164;
16,3,26;
15,3,27;
30,4,44;
16,4,24;
48,3,82;
98,3,171;
84,4,117;
4,4,7;
78,3,137;
31,3,52;
3,3,7;
90,4,126;
12,3,19;
35,3,62;
91,4,127;
77,3,132;
79,3,135;
40,4,55;
42,3,74;
95,3,166;
40,4,58;
66,3,113;
77,3,135;
69,4,96;
27,4,37;
6,3,12;
39,3,69;
94,3,164;
33,3,56;
14,4,18;
27,4,40;
88,4,126;
36,4,49;
94,4,134;
75,3,131;
3,4,6;
4,4,7;
98,4,140;
47,3,80;
77,3,135;
65,3,114;
83,3,142;
2,4,4;
66,4,95;
28,4,38;
96,3,168;
54,3,95;
89,3,156;
70,3,123;
34,4,50;
25,3,45;
37,4,51;
98,3,171;
22,4,30;
10,4,16;
12,4,18;
34,3,57;
6,3,9;
1,3,3;
1,4,0;
7,3,14;
6,4,7;
96,3,168;
65,3,111;
75,3,128;
75,3,131;
45,4,62;
51,4,71;
20,4,30;
89,3,156;
86,4,123;
55,4,76;
79,3,138;
55,4,79;
96,4,137;
2,4,1;
75,4,108;
80,4,115;
54,4,75;
7,4,8;
77,3,132;
64,4,92;
47,3,80;
96,3,168;
77,4,107;
81,3,139;
38,3,64;
44,4,64;
55,3,97;
24,3,43;
66,4,95;
74,3,127;
24,3,40;
53,4,76;
74,3,127;
22,3,37;
14,4,21;
36,3,61;
37,4,51;
46,4,67;
59,4,85;
60,3,105;
57,3,100;
34,3,60;
42,3,71;
76,4,106;
80,3,137;
76,3,133;
58,3,102;
52,3,92;
15,3,27;
17,3,28;
93,3,160;
8,3,15;
55,3,94;
78,3,134;
5,4,6;
61,4,85;
72,4,100;
91,3,156;
20,3,36;
67,4,96;
1,4,3;
32,4,47;
86,4,120;
2,4,1;
14,3,26;
20,3,33;
82,4,117;
48,3,82;
19,3,34;
49,3,86;
36,4,49;
36,4,49;
94,4,131;
9,4,11;
7,4,8;
84,4,117;
66,3,113;
90,4,129;
67,4,93;
81,4,113;
43,4,62;
10,4,16;
69,3,118;
67,3,115;
98,4,140;
20,4,27;
48,4,69;
90,3,157;
1,4,0;
97,3,170;
90,3,154;
100,4,143;
10,3,16;
31,3,52;
21,4,31;
85,4,119;
86,3,147;
5,3,10;
55,4,79;
98,4,137;
30,3,53;
79,3,135;
14,3,23;
42,3,71;
71,3,124;
26,3,47;
13,4,17;
92,4,132;
11,3,21;
85,4,119;
84,3,147;
85,4,122;
92,3,161;
63,3,111;
5,4,6;
70,3,123;
57,3,100;
70,4,100;
66,4,92;
86,4,123;
34,4,47;
93,4,133;
56,4,78;
77,3,132;
63,3,111;
62,3,106;
85,4,119;
64,4,92;
32,3,57;
96,3,168;
83,4,119;
31,4,45;
40,3,71;
40,4,58;
1,3,3;
56,4,78;
48,3,85;
95,4,136;
41,3,73;
37,3,63;
71,3,121;
52,4,72;
53,3,90;
5,3,10;
81,4,116;
4,3,8;
24,3,40;
93,3,160;
14,3,26;
48,3,82;
40,4,55;
43,4,62;
81,4,113;
65,4,93;
14,4,21;
76,4,109;
2,4,4;
54,3,95;
37,4,54;
53,3,90;
25,3,45;
64,3,112;
23,3,38;
72,4,103;
64,3,112;
33,4,45;
32,3,54;
49,4,71;
51,4,74;
67,4,93;
42,4,61;
80,3,140;
31,4,45;
66,4,92;
80,4,112;
95,3,166;
12,4,15;
9,4,14;
31,4,45;
93,4,130;
28,4,41;
85,3,146;
2,4,4;
77,3,132;
26,3,47;
100,4,140;
36,3,61;
36,4,49;
94,3,161;
13,3,24;
38,4,55;
100,3,175;
43,4,62;
22,4,30;
37,3,63;
69,3,121;
15,4,20;
44,3,78;
84,4,117;
30,3,50;
87,4,122;
54,3,92;
92,4,132;
89,3,156;
17,4,23;
89,4,127;
1,3,0;
52,3,92;
59,3,101;
83,4,116;
97,3,170;
4,3,8;
72,3,126;
39,4,54;
29,4,40;
32,4,47;
92,3,161;
81,4,113;
48,4,69;
19,4,28;
81,3,139;
83,3,145;
73,3,125;
60,4,86;
25,3,45;
92,3,158;
43,4,62;
41,4,59;
52,3,89;
36,4,52;
14,4,18;
50,4,69;
50,4,69;
31,3,55;
62,3,106;
78,4,112;
21,4,28;
18,3,30;
79,4,110;
88,3,154;
60,4,86;
82,4,117;
30,4,44;
79,3,135;
40,4,58;
55,4,79;
43,4,59;
18,4,24;
86,4,123;
20,4,27;
50,3,85;
57,3,97;
56,3,95;
15,4,20;
63,4,91;
37,3,66;
100,4,140;
61,4,88;
18,4,27;
58,3,102;
85,4,119;
86,3,150;
62,4,89;
46,3,78;
73,4,102;
78,3,137;
86,4,120;
16,3,29;
59,3,104;
58,3,99;
2,3,5;
35,4,48;
79,3,138;
35,3,59;
21,4,28;
63,3,108;
33,3,56;
48,4,69;
34,3,57;
55,4,76;
63,3,111;
14,3,26;
14,3,26;
87,4,125;
62,4,86;
21,4,28;
24,4,32;
1,3,0;
40,3,71;
39,3,66;
48,4,69;
72,4,103;
54,4,75;
23,3,41;
19,3,34;
12,3,22;
73,3,125;
26,4,38;
41,3,73;
43,4,59;
78,4,109;
37,3,63;
27,4,40;
3,4,3;
56,4,78;
52,3,92;
60,4,83;
3,4,6;
88,4,123;
20,4,30;
93,3,163;
20,3,36;
12,4,18;
65,3,111;
43,4,59;
86,3,147;
84,3,144;
100,4,140;
23,3,38;
51,3,87;
83,3,145;
71,4,102;
56,4,81;
74,4,106;
73,4,105;
72,3,123;
42,4,58;
64,4,92;
29,3,52;
89,3,153;
65,4,90;
91,3,156;
38,4,52;
90,4,126;
74,3,130;
82,3,144;
1,4,3;
14,3,23;
63,3,111;
17,4,26;
29,3,52;
87,3,149;
66,4,95;
68,3,116;
36,4,52;
21,4,28;
94,3,161;
41,4,59;
55,3,94;
88,4,123;
6,4,10;
44,3,78;
94,4,131;
69,3,118;
75,3,131;
29,3,52;
74,4,103;
47,3,83;
50,4,72;
94,4,131;
30,4,44;
51,4,71;
57,3,97;
10,4,13;
23,3,41;
22,3,40;
29,4,40;
93,4,133;
34,4,50;
36,4,49;
85,4,119;
46,4,67;
92,3,161;
5,4,9;
70,4,97;
26,3,44;
65,4,93;
23,3,41;
84,3,144;
68,4,98;
16,3,29;
15,4,23;
49,3,86;
93,4,130;
87,3,152;
88,4,126;
71,4,102;
99,3,173;
54,4,75;
51,3,87;
75,3,128;
66,3,116;
89,4,124;
90,3,154;
13,3,21;
78,4,109;
50,3,88;
14,3,23;
70,3,120;
32,3,57;
91,4,127;
85,3,146;
38,3,67;
4,3,8;
12,4,15;
89,3,153;
69,4,96;
94,3,161;
87,4,125;
97,3,167;
3,4,3;
76,4,106;
30,4,41;
93,4,133;
9,3,17;
46,4,67;
79,3,138;
51,3,87;
39,4,54;
51,4,71;
79,4,110;
62,3,109;
77,3,135;
52,4,75;
46,4,64;
9,3,14;
70,4,97;
13,4,20;
43,3,76;
7,4,8;
82,3,144;
97,3,167;
92,3,161;
54,3,95;
33,4,45;
72,3,126;
52,4,75;
45,3,79;
99,4,139;
10,3,16;
49,3,86;
83,4,116;
30,4,41;
35,4,51;
8,3,15;
94,4,134;
94,4,131;
10,3,16;
88,3,151;
73,4,105;
79,3,135;
97,3,167;
67,3,118;
43,4,62;
23,4,34;
75,3,131;
86,4,123;
32,4,47;
3,3,7;
94,3,164;
80,3,137;
15,4,20;
10,3,16;
72,3,126;
34,3,60;
90,3,154;
94,3,161;
37,3,66;
62,4,86;
82,4,117;
87,4,122;
25,4,34;
6,4,7;
78,4,112;
52,3,89;
56,4,81;
18,4,24;
75,4,108;
33,4,45;
59,4,85;
69,3,118;
46,3,81;
76,4,106;
45,4,65;
79,4,110;
75,3,131;
14,4,18;
4,3,8;
14,4,18;
73,4,105;
17,3,28;
51,4,74;
10,3,19;
26,3,47;
75,4,105;
74,3,127;
35,4,48;
95,4,133;
63,3,111;
36,4,49;
80,4,115;
71,3,124;
25,3,45;
11,3,21;
46,4,64;
58,3,99;
53,4,76;
92,3,161;
60,3,105;
8,3,15;
73,3,125;
56,4,78;
75,4,108;
91,3,159;
75,4,108;
81,4,116;
22,4,33;
74,3,130;
58,4,81;
82,4,114;
38,3,67;
66,3,116;
5,4,9;
49,3,83;
47,3,80;
49,4,68;
42,3,74;
44,4,61;
7,4,8;
82,4,114;
14,4,18;
37,4,51;
27,3,45;
3,4,6;
16,4,21;
12,3,19;
3,3,7;
49,4,71;
36,3,64;
59,3,101;
100,3,172;
85,4,122;
32,4,47;
57,3,100;
30,3,53;
12,3,22;
60,3,105;
72,4,100;
87,4,122;
62,4,86;
3,4,6;
45,3,76;
68,4,98;
33,3,59;
12,3,19;
63,4,91;
29,3,52;
17,4,26;
70,4,97;
3,3,7;
38,4,52;
50,3,85;
59,4,82;
52,3,89;
77,4,110;
54,3,95;
3,3,4;
51,3,90;
94,4,134;
86,4,120;
9,4,11;
66,3,113;
10,3,16;
34,4,47;
66,3,116;
69,4,96;
50,4,72;
11,4,17;
27,4,40;
31,3,52;
84,4,117;
61,3,104;
66,4,95;
6,3,12;
43,4,62;
11,3,18;
99,4,139;
98,3,171;
8,4,13;
58,4,81;
72,3,126;
22,3,37;
26,3,44;
100,3,175;
42,3,74;
70,4,100;
54,3,92;
83,3,145;
24,3,43;
49,3,83;
16,3,26;
23,4,34;
94,4,134;
91,3,159;
21,4,28;
17,3,28;
89,4,124;
33,3,59;
8,3,15;
74,3,127;
92,4,129;
91,4,127;
58,4,81;
6,3,12;
14,3,23;
22,3,37;
10,3,16;
48,3,85;
14,3,23;
48,3,82;
20,3,36;
54,3,95;
28,3,47;
27,3,48;
80,3,137;
85,4,119;
95,3,166;
15,3,24;
36,4,49;
37,3,66;
92,4,129;
67,3,118;
24,4,32;
21,4,28;
17,3,28;
92,3,158;
55,4,76;
64,4,92;
17,3,28;
32,4,47;
93,4,133;
17,4,23;
34,3,60;
4,4,7;
76,4,106;
98,4,137;
44,4,61;
40,4,58;
35,3,59;
75,4,108;
2,4,1;
11,3,18;
78,3,137;
99,3,173;
81,4,113;
7,4,8;
39,4,54;
76,3,133;
79,4,110;
5,3,7;
92,3,158;
16,4,21;
17,4,26;
87,3,149;
32,4,47;
21,4,31;
82,3,141;
80,3,140;
75,3,131;
70,3,123;
97,4,139;
44,3,75;
94,4,134;
98,3,168;
32,3,54;
11,4,14;
86,3,150;
76,4,106;
65,4,93;
31,3,55;
66,4,95;
73,3,128;
79,3,135;
89,3,153;
85,4,122;
19,3,31;
33,4,48;
61,4,85;
81,4,113;
65,3,114;
77,4,107;
73,3,125;
89,3,156;
53,4,73;
5,4,9;
100,3,172;
17,3,28;
39,4,57;
93,4,130;
61,4,88;
98,4,137;
45,3,79;
71,4,102;
95,4,136;
23,4,34;
28,3,47;
43,4,59;
10,3,16;
29,3,52;
47,4,68;
81,3,139;
92,4,132;
47,3,80;
66,4,92;
88,4,126;
78,3,137;
46,3,81;
76,3,130;
42,3,74;
78,4,109;
1,4,3;
26,3,47;
22,3,40;
16,3,29;
2,4,1;
49,4,68;
17,3,31;
47,3,80;
78,3,137;
56,3,98;
50,4,69;
13,3,21;
50,3,85;
15,3,24;
93,4,130;
54,4,78;
59,3,101;
42,4,58;
50,4,69;
15,3,24;
91,3,159;
59,4,82;
51,3,87;
50,3,85;
18,4,24;
40,4,58;
32,4,44;
71,3,124;
2,4,1;
82,3,144;
81,3,139;
99,3,173;
4,4,7;
74,4,106;
30,4,44;
7,4,11;
68,4,98;
52,4,75;
80,3,137;
24,4,35;
3,4,3;
99,3,170;
46,4,64;
5,4,9;
9,3,17;
45,3,76;
63,4,91;
50,4,69;
14,4,21;
93,4,133;
24,3,43;
5,4,6;
60,3,102;
32,3,57;
83,3,142;
80,4,112;
1,3,3;
79,4,113;
77,4,107;
74,4,103;
12,3,19;
73,4,102;
42,4,58;
88,4,126;
49,3,83;
76,3,133;
79,4,110;
26,4,38;
25,4,34;
16,3,29;
80,3,140;
1,3,0;
9,3,17;
17,4,26;
41,3,73;
72,3,126;
29,3,52;
4,4,7;
56,4,78;
13,4,17;
39,3,69;
68,4,98;
62,4,89;
26,3,47;
70,4,97;
46,4,64;
38,4,52;
90,3,154;
34,3,57;
97,4,136;
48,3,85;
44,4,61;
62,3,106;
49,3,83;
17,4,26;
28,3,50;
56,3,98;
83,3,145;
24,4,32;
52,3,92;
9,3,17;
80,3,137;
97,4,136;
85,4,122;
73,3,125;
31,3,52;
92,4,129;
60,3,105;
32,3,57;
67,3,115;
73,3,128;
75,3,131;
81,3,142;
63,3,111;
50,3,88;
90,3,154;
51,4,74;
55,4,76;
89,3,153;
67,3,118;
51,3,90;
53,3,93;
73,4,105;
99,3,170;
61,3,107;
36,4,52;
12,4,18;
34,4,50;
56,3,98;
13,4,20;
22,4,30;
10,4,16;
3,3,7;
52,4,72;
39,3,69;
40,3,68;
52,3,89;
55,3,94;
61,3,104;
79,3,138;
23,4,31;
58,3,99;
46,3,78;
76,3,130;
11,3,21;
41,3,70;
84,4,117;
21,3,38;
52,3,89;
85,4,119;
86,4,123;
65,3,114;
2,4,4;
9,4,11;
14,3,23;
27,3,45;
81,4,116;
51,3,90;
71,4,99;
79,4,113;
76,3,133;
23,3,38;
13,3,21;
68,3,119;
89,3,156;
81,3,139;
14,4,21;
65,3,114;
74,3,130;
21,3,38;
58,3,99;
65,4,93;
41,3,73;
11,4,14;
66,4,95;
7,4,11;
57,3,97;
17,4,23;
87,4,122;
73,4,105;
81,4,116;
3,4,3;
41,3,73;
93,3,163;
97,3,170;
26,3,47;
50,4,69;
10,4,13;
34,3,57;
94,4,134;
74,3,127;
33,3,56;
46,3,81;
64,3,109;
78,3,134;
78,4,109;
70,4,100;
69,3,118;
82,4,117;
49,3,83;
59,4,82;
21,3,38;
74,4,106;
91,4,127;
87,3,149;
35,3,59;
54,3,95;
97,3,167;
10,3,19;
61,3,107;
94,4,131;
35,4,48;
91,3,159;
79,3,135;
90,4,129;
77,4,107;
80,3,137;
28,3,50;
49,3,83;
32,3,54;
28,3,50;
14,3,26;
42,4,58;
84,4,117;
56,4,81;
64,4,89;
35,3,62;
7,3,14;
20,3,33;
83,3,142;
96,3,165;
32,3,54;
44,4,61;
100,4,140;
57,3,100;
66,3,113;
61,3,104;
77,4,107;
91,4,127;
10,3,19;
80,3,137;
39,4,54;
29,4,40;
62,3,109;
64,3,112;
93,4,133;
2,4,4;
84,4,117;
88,3,154;
68,4,98;
57,3,100;
53,4,76;
67,4,96;
17,3,31;
95,3,166;
24,4,32;
83,4,119;
50,4,69;
35,3,62;
63,3,108;
24,4,32;
97,4,136;
51,4,74;
20,3,36;
77,3,135;
48,3,82;
39,3,66;
1,3,0;
58,3,99;
42,3,74;
41,3,73;
38,4,55;
65,4,90;
79,4,110;
47,3,80;
40,4,55;
22,3,37;
14,3,23;
66,4,95;
39,4,57;
59,4,85;
92,4,132;
66,3,113;
43,4,62;
30,4,41;
1,4,0;
72,3,123;
4,3,8;
17,3,31;
80,4,115;
99,4,139;
97,4,139;
12,4,18;
51,4,71;
32,3,54;
17,3,28;
96,4,134;
56,4,78;
63,3,108;
62,4,86;
41,4,56;
23,4,31;
32,4,47;
29,3,52;
37,4,51;
1,3,3;
27,3,45;
16,3,26;
1,3,0;
38,4,55;
75,4,108;
32,4,47;
67,4,96;
49,3,86;
26,4,35;
71,4,99;
79,3,138;
49,4,68;
12,4,18;
60,3,105;
98,3,171;
74,4,103;
19,3,31;
55,3,97;
5,4,9;
90,3,154;
32,3,54;
13,3,24;
83,4,116;
7,3,14;
87,4,125;
35,4,51;
55,4,76;
37,3,63;
37,3,63;
20,3,36;
60,4,86;
86,3,150;
78,4,112;
26,3,44;
25,3,42;
26,4,38;
76,3,130;
23,3,38;
3,3,7;
11,4,14;
45,3,76;
58,4,81;
50,4,72;
96,4,137;
57,4,79;
85,4,122;
27,3,48;
2,4,4;
30,4,44;
97,4,139;
14,3,23;
2,3,2;
48,3,82;
89,4,124;
49,4,68;
63,3,108;
79,3,135;
38,4,55;
77,4,107;
8,3,15;
10,3,19;
46,3,78;
56,4,78;
32,3,54;
74,3,130;
92,3,161;
61,4,85;
81,4,113;
50,4,72;
45,4,62;
10,3,19;
58,3,102;
49,3,83;
23,4,34;
60,3,105;
41,4,59;
31,3,52;
56,4,78;
39,4,57;
53,3,93;
9,3,14;
10,3,19;
4,4,7;
12,4,18;
66,4,95;
60,4,86;
86,4,123;
36,3,64;
48,3,85;
80,4,112;
90,4,129;
93,3,160;
81,4,116;
84,3,144;
88,3,154;
40,3,71;
2,3,2;
62,3,106;
95,4,133;
93,4,130;
5,4,6;
9,4,14;
44,3,78;
62,3,106;
49,4,68;
65,4,93;
96,4,137;
84,4,120;
43,3,73;
21,3,38;
100,3,172;
56,4,78;
49,3,83;
97,4,136;
85,3,146;
38,3,67;
15,4,23;
4,3,8;
6,4,7;
60,3,105;
18,4,24;
85,4,122;
82,4,114;
59,3,101;
97,4,139;
46,3,78;
39,3,66;
64,3,112;
16,4,24;
35,4,48;
68,4,98;
4,3,5;
43,4,59;
11,4,14;
44,3,75;
55,3,94;
43,4,62;
8,3,12;
79,4,113;
7,3,11;
99,4,139;
65,3,114;
58,3,99;
39,3,66;
60,4,86;
95,3,166;
55,4,79;
96,4,134;
36,4,49;
51,4,71;
56,3,98;
12,3,22;
78,3,137;
87,4,122;
76,3,130;
23,4,34;
13,4,20;
67,3,115;
79,3,135;
53,4,76;
60,3,105;
97,4,139;
70,4,97;
40,3,71;
88,3,154;
73,4,102;
35,4,51;
74,3,130;
90,3,157;
22,4,30;
56,3,98;
34,4,50;
49,4,71;
88,3,151;
80,4,112;
95,4,133;
45,4,62;
67,4,96;
18,3,33;
27,4,37;
85,4,122;
5,3,10;
90,4,126;
74,3,127;
68,3,119;
14,4,21;
74,4,103;
1,3,0;
28,3,47;
36,3,61;
22,3,40;
27,4,40;
84,3,147;
75,4,105;
43,3,76;
43,4,59;
55,4,76;
5,4,9;
85,3,146;
89,4,124;
87,4,122;
99,3,170;
70,3,120;
55,3,97;
76,3,133;
84,4,117;
45,3,76;
36,4,49;
52,3,89;
59,4,85;
36,3,64;
94,4,131;
88,4,123;
80,3,140;
26,4,35;
73,4,102;
23,4,34;
64,3,112;
6,4,10;
27,4,37;
34,3,60;
28,3,50;
22,3,40;
39,3,66;
88,3,151;
33,3,56;
