9834;
61,3,104;
64,3,109;
43,4,62;
32,4,44;
55,4,79;
21,3,35;
89,4,127;
1,3,3;
81,4,113;
91,4,127;
68,4,95;
16,3,26;
48,3,82;
43,3,73;
35,4,48;
43,3,76;
55,4,76;
96,3,168;
94,4,134;
86,3,147;
20,3,33;
17,3,28;
41,3,70;
15,3,27;
52,4,72;
40,3,71;
37,3,63;
9,3,17;
22,3,40;
81,4,113;
6,3,12;
77,4,107;
38,3,67;
94,4,134;
45,3,79;
78,3,137;
24,4,35;
100,4,140;
44,3,78;
92,3,161;
41,4,56;
11,3,18;
59,3,104;
93,3,160;
49,3,86;
75,3,131;
97,4,136;
18,3,33;
14,4,18;
47,3,83;
19,3,34;
80,3,140;
11,3,18;
32,3,57;
41,4,59;
45,4,65;
12,3,19;
21,3,35;
64,4,89;
47,3,83;
100,3,172;
12,3,22;
27,4,37;
93,4,130;
65,3,111;
61,3,104;
18,3,30;
5,4,6;
65,4,93;
73,4,102;
41,3,73;
29,3,49;
28,3,50;
97,4,139;
18,4,27;
17,3,31;
26,3,44;
76,3,133;
48,3,85;
77,4,107;
5,4,9;
60,4,83;
94,3,161;
17,3,31;
71,3,124;
74,4,106;
61,3,104;
20,3,36;
84,3,147;
10,3,16;
33,3,56;
81,4,113;
30,4,41;
4,4,4;
100,3,175;
99,4,142;
76,3,133;
59,3,101;
35,4,51;
42,3,71;
67,4,93;
96,4,134;
66,4,92;
88,3,151;
50,3,88;
20,3,33;
42,3,74;
26,4,35;
28,3,50;
84,3,144;
59,3,104;
80,4,112;
69,3,121;
89,3,156;
82,3,144;
80,3,137;
75,4,108;
69,4,99;
29,4,43;
46,3,81;
49,3,83;
20,3,33;
48,4,69;
84,3,144;
13,3,21;
45,4,62;
79,3,138;
75,4,108;
45,3,79;
91,4,127;
93,4,130;
16,3,29;
70,4,100;
74,4,103;
41,3,73;
48,4,66;
39,3,66;
3,4,3;
46,3,78;
15,4,20;
69,3,118;
23,3,38;
82,3,141;
3,3,4;
88,4,123;
25,3,45;
68,3,119;
41,3,70;
99,4,139;
17,4,23;
78,4,109;
21,4,28;
21,4,31;
35,4,51;
35,4,48;
17,3,31;
4,4,7;
56,3,98;
4,4,7;
53,3,93;
74,3,130;
48,3,82;
95,3,166;
39,4,54;
18,3,33;
78,3,137;
59,3,104;
94,4,131;
26,3,47;
9,3,17;
74,4,106;
99,4,139;
32,3,54;
87,3,149;
64,3,112;
26,3,44;
48,3,85;
87,3,152;
27,3,45;
77,4,107;
15,3,27;
21,4,28;
20,3,33;
32,4,47;
7,3,14;
28,4,38;
34,3,60;
93,4,133;
57,4,79;
55,4,76;
48,4,66;
7,4,8;
97,3,167;
81,4,116;
42,3,74;
3,4,6;
81,3,139;
6,4,7;
22,3,40;
62,3,109;
63,4,88;
92,3,158;
54,4,75;
24,4,35;
48,4,69;
64,4,89;
9,3,14;
52,3,89;
30,4,41;
45,3,79;
13,3,21;
22,4,33;
74,3,130;
89,3,156;
23,4,34;
66,4,92;
27,4,37;
80,4,112;
71,3,121;
73,4,105;
82,3,141;
51,3,90;
6,4,10;
54,3,95;
14,3,23;
29,3,52;
7,3,14;
21,4,28;
79,3,138;
71,4,102;
50,3,85;
91,4,130;
65,3,114;
72,3,123;
55,3,94;
71,4,99;
4,3,5;
75,4,108;
59,4,82;
88,4,123;
14,4,18;
30,4,44;
14,4,21;
67,3,118;
71,4,99;
51,3,90;
59,3,101;
50,4,72;
25,3,42;
91,3,156;
49,3,86;
69,3,118;
58,3,99;
79,4,113;
20,3,33;
26,4,38;
92,3,161;
45,4,65;
11,4,17;
65,4,90;
56,3,98;
67,4,96;
56,4,81;
82,4,117;
78,3,134;
25,4,34;
33,3,59;
3,4,3;
52,3,89;
38,3,67;
57,4,79;
40,3,68;
51,3,90;
91,3,156;
55,3,94;
54,3,95;
12,3,19;
37,3,63;
59,3,104;
69,3,118;
41,3,73;
84,3,147;
22,4,33;
19,4,28;
14,4,18;
68,3,119;
9,4,14;
98,3,168;
59,4,85;
16,4,24;
10,4,13;
4,3,5;
59,4,82;
16,4,21;
94,3,164;
59,3,101;
75,4,108;
36,3,61;
79,3,135;
73,4,105;
38,3,67;
86,4,123;
39,4,57;
80,4,115;
6,4,10;
8,4,10;
59,3,104;
72,4,103;
66,4,95;
21,3,35;
60,3,105;
78,3,134;
72,3,123;
21,4,31;
98,3,171;
28,4,38;
52,4,75;
59,3,101;
10,3,19;
68,4,95;
71,3,124;
85,4,122;
32,3,57;
39,3,69;
50,4,72;
83,4,119;
9,3,14;
54,3,95;
70,4,97;
22,4,33;
62,3,106;
49,4,71;
30,3,50;
59,4,85;
54,3,92;
42,3,74;
43,4,62;
21,4,31;
92,4,129;
30,3,53;
52,3,92;
3,4,6;
9,3,14;
81,4,116;
70,4,97;
41,3,73;
21,4,28;
96,4,137;
21,3,35;
7,3,14;
52,3,89;
57,4,79;
45,4,65;
1,3,0;
90,3,157;
32,4,44;
41,3,70;
95,3,163;
29,4,43;
17,3,28;
89,3,153;
54,3,95;
62,4,89;
55,3,97;
20,3,33;
83,4,119;
70,3,123;
35,4,48;
17,3,28;
12,4,15;
57,4,82;
100,4,143;
65,3,114;
20,3,36;
69,3,118;
69,4,96;
93,4,130;
14,3,26;
47,4,68;
39,3,66;
63,4,91;
90,4,129;
80,4,112;
64,3,112;
85,4,122;
53,3,90;
53,4,73;
3,4,6;
4,4,7;
78,4,112;
96,4,134;
61,4,88;
54,3,92;
85,4,119;
81,4,113;
78,3,137;
73,4,105;
56,4,78;
90,4,126;
2,3,2;
89,4,124;
51,4,74;
73,4,102;
100,4,143;
94,4,131;
29,4,40;
57,4,82;
84,3,147;
69,4,99;
10,3,19;
90,4,126;
34,4,47;
86,4,120;
34,4,50;
4,3,8;
2,4,1;
30,3,50;
41,3,70;
40,4,58;
10,4,16;
54,3,92;
97,4,136;
94,3,164;
73,4,102;
29,4,43;
11,3,21;
64,3,109;
22,4,30;
59,3,101;
34,3,60;
90,4,126;
34,3,57;
52,3,89;
48,4,69;
47,3,83;
47,3,80;
39,3,69;
65,3,114;
50,3,88;
45,4,65;
43,4,62;
82,4,114;
44,4,61;
79,3,135;
71,4,99;
77,4,110;
92,3,158;
84,3,147;
65,4,90;
33,3,59;
61,3,104;
100,4,143;
36,3,64;
51,4,71;
80,3,140;
54,4,75;
57,3,97;
60,4,83;
26,3,44;
2,4,1;
37,4,54;
95,3,166;
2,4,4;
12,3,19;
49,3,86;
20,3,36;
94,3,164;
1,3,3;
91,3,156;
45,4,65;
82,3,141;
19,3,34;
6,4,10;
19,3,31;
20,3,33;
48,3,85;
17,3,31;
32,4,47;
25,3,45;
1,3,3;
98,3,171;
65,4,90;
64,3,112;
17,3,31;
93,3,163;
10,4,13;
79,3,135;
44,4,64;
90,4,129;
40,3,68;
58,4,81;
25,4,37;
27,4,40;
26,3,44;
85,4,119;
39,4,54;
50,3,88;
3,4,6;
28,4,41;
29,3,49;
82,4,114;
48,3,85;
36,3,61;
63,4,88;
19,3,31;
10,4,13;
77,3,132;
93,3,160;
25,4,34;
23,4,31;
68,4,95;
34,4,47;
44,4,64;
83,3,145;
81,4,116;
29,3,49;
100,4,140;
99,4,142;
69,3,118;
59,3,101;
28,3,50;
86,4,123;
47,4,65;
1,3,0;
90,3,154;
42,3,71;
46,3,81;
12,4,15;
74,4,106;
57,3,97;
27,4,37;
36,3,61;
99,4,139;
48,4,66;
63,4,88;
72,4,100;
76,4,109;
30,4,44;
34,3,60;
94,4,134;
39,3,69;
53,3,90;
9,4,11;
59,3,101;
14,3,26;
71,3,121;
26,3,47;
88,4,126;
79,3,135;
87,4,122;
100,3,175;
64,4,92;
81,4,116;
73,3,128;
20,4,27;
60,4,86;
14,3,26;
66,4,92;
69,3,118;
82,3,141;
10,4,13;
100,4,143;
35,3,59;
24,4,32;
100,3,172;
4,3,5;
53,4,73;
57,4,82;
73,3,125;
74,3,130;
82,4,114;
48,3,82;
4,3,5;
49,4,71;
26,4,38;
28,4,38;
72,3,123;
46,4,64;
97,4,139;
14,3,23;
99,3,173;
33,4,45;
3,4,6;
98,4,137;
7,3,14;
17,4,26;
67,4,96;
23,4,34;
75,3,131;
81,4,116;
93,3,160;
34,4,47;
10,4,16;
81,3,139;
26,3,47;
37,4,51;
63,3,111;
66,3,113;
57,4,82;
26,4,35;
23,3,38;
80,3,140;
53,3,93;
28,4,38;
36,3,64;
54,3,92;
68,3,116;
44,4,64;
89,4,127;
13,3,24;
8,4,10;
44,3,75;
14,3,23;
53,4,76;
72,4,100;
85,4,122;
62,4,89;
29,4,43;
8,3,12;
29,3,49;
68,4,95;
82,4,117;
3,3,7;
18,3,30;
60,3,105;
33,4,48;
99,4,139;
84,4,120;
93,4,130;
16,3,26;
98,4,140;
92,4,129;
68,3,116;
50,3,85;
32,3,54;
32,4,47;
66,3,113;
24,3,40;
81,4,116;
24,4,32;
97,3,167;
50,4,69;
94,4,134;
12,3,19;
66,4,92;
59,3,104;
12,3,19;
84,3,144;
73,4,105;
70,4,97;
54,3,95;
77,3,135;
82,4,114;
8,3,12;
14,3,26;
24,3,40;
66,4,92;
84,3,147;
30,3,53;
96,3,168;
1,3,0;
28,4,41;
82,3,141;
27,4,37;
80,4,112;
9,3,17;
51,4,71;
74,3,130;
69,4,99;
74,3,127;
57,3,100;
82,3,141;
45,3,79;
90,4,126;
86,4,123;
64,3,112;
5,3,10;
43,3,76;
28,3,50;
67,3,118;
89,4,124;
56,3,98;
66,4,92;
10,4,13;
99,4,139;
49,3,83;
45,4,62;
25,4,37;
96,3,165;
75,3,131;
94,4,131;
10,3,16;
27,3,48;
54,4,78;
11,3,18;
61,4,85;
24,4,35;
56,3,95;
22,4,33;
18,3,30;
51,4,71;
18,3,30;
57,4,82;
74,4,103;
97,4,139;
61,3,104;
69,4,99;
57,4,82;
41,4,56;
74,4,106;
94,3,161;
13,4,20;
62,3,109;
72,4,100;
25,4,37;
83,4,119;
47,3,80;
65,3,111;
87,3,152;
68,3,116;
31,4,42;
23,3,38;
87,3,149;
100,4,140;
98,3,168;
14,3,23;
19,3,34;
26,4,35;
88,3,154;
45,4,65;
70,3,123;
99,3,170;
55,3,97;
45,4,65;
42,4,58;
29,4,43;
95,4,133;
37,4,51;
100,3,175;
76,4,109;
53,3,93;
82,4,117;
6,3,12;
10,4,13;
32,3,54;
5,4,6;
63,4,88;
8,4,10;
47,4,65;
97,3,170;
65,3,111;
21,4,28;
18,4,24;
59,3,101;
98,4,140;
32,3,54;
57,4,82;
76,3,130;
87,4,125;
6,4,10;
59,4,85;
20,4,30;
64,4,92;
10,4,16;
65,3,111;
96,3,168;
38,4,55;
72,3,126;
16,3,29;
93,4,130;
62,3,109;
19,3,34;
68,3,119;
35,3,59;
91,4,127;
98,3,171;
39,3,69;
27,3,45;
71,3,121;
96,4,134;
16,4,24;
38,4,52;
99,4,142;
25,3,45;
26,3,47;
33,3,59;
96,4,134;
56,4,81;
11,3,18;
6,3,12;
43,3,76;
83,4,116;
19,4,28;
35,4,48;
7,4,8;
3,4,6;
73,4,105;
77,3,135;
80,4,112;
34,3,57;
30,3,53;
91,4,127;
59,4,82;
51,4,74;
96,3,168;
12,3,19;
80,3,140;
80,3,140;
6,3,12;
88,4,123;
81,4,116;
85,3,146;
67,3,118;
8,3,15;
82,4,117;
80,3,140;
68,3,116;
77,3,132;
81,3,139;
90,4,126;
84,3,144;
24,3,40;
2,3,2;
14,4,21;
8,3,15;
74,4,103;
86,3,147;
34,4,50;
49,3,86;
7,3,14;
45,4,65;
18,3,30;
20,4,30;
96,4,134;
82,4,114;
77,3,132;
57,4,79;
52,4,75;
30,4,44;
5,4,6;
97,4,136;
4,3,5;
4,4,4;
90,3,154;
57,3,97;
15,3,24;
12,4,15;
51,3,87;
2,4,1;
72,4,100;
24,4,32;
88,4,126;
65,4,90;
56,4,78;
33,4,45;
14,4,18;
11,3,18;
84,4,120;
32,3,54;
9,3,17;
94,4,134;
75,3,131;
56,3,95;
65,4,90;
82,4,117;
55,4,76;
46,4,67;
60,4,83;
77,4,107;
82,3,144;
41,4,56;
11,4,14;
79,3,135;
14,3,23;
24,3,40;
24,4,35;
5,3,10;
60,3,102;
76,3,130;
29,4,43;
17,3,28;
38,3,64;
98,4,140;
58,4,81;
83,4,116;
75,3,131;
7,3,14;
87,3,149;
27,4,37;
63,4,88;
70,3,123;
76,4,109;
13,4,17;
73,3,125;
42,3,74;
67,3,118;
84,3,144;
58,4,84;
88,3,154;
33,4,48;
1,3,3;
67,3,118;
3,3,4;
47,3,83;
92,4,129;
7,3,14;
80,3,140;
63,3,108;
31,3,52;
13,3,24;
87,4,122;
80,4,112;
97,4,136;
75,4,105;
96,4,134;
47,3,83;
19,4,25;
68,4,95;
40,4,55;
1,4,3;
99,4,142;
70,3,120;
76,4,106;
38,4,55;
71,4,102;
35,4,51;
96,3,165;
38,3,64;
80,3,137;
25,3,45;
34,3,60;
84,3,144;
52,4,72;
57,4,82;
29,4,40;
17,4,23;
55,3,94;
16,4,24;
31,4,45;
12,4,15;
57,3,97;
27,4,37;
32,3,57;
23,3,38;
63,3,108;
91,3,159;
36,3,64;
78,3,134;
63,3,108;
86,4,123;
80,3,137;
37,3,66;
82,3,141;
58,4,84;
20,3,33;
30,3,53;
40,4,55;
83,4,119;
22,3,37;
38,4,52;
24,4,32;
16,3,29;
6,3,12;
93,3,163;
35,3,62;
10,4,13;
14,3,23;
23,4,34;
64,3,112;
10,4,13;
39,3,69;
94,3,164;
78,3,137;
78,4,112;
29,3,52;
43,3,76;
47,4,68;
44,3,78;
19,3,34;
21,3,38;
80,3,137;
18,3,30;
72,4,100;
41,3,73;
49,4,71;
41,3,73;
82,4,114;
67,3,118;
100,3,172;
7,3,11;
39,3,66;
43,4,59;
15,3,24;
67,4,96;
55,3,94;
67,4,96;
22,4,30;
2,3,2;
97,3,170;
8,3,15;
44,4,64;
11,4,14;
2,4,4;
82,3,144;
5,4,9;
44,3,78;
25,4,37;
33,3,59;
27,4,37;
22,3,40;
94,4,134;
37,4,54;
40,3,71;
4,3,8;
51,4,71;
24,4,35;
81,3,139;
78,3,134;
58,4,81;
71,4,102;
57,4,79;
52,4,72;
92,3,158;
44,4,61;
53,4,76;
13,4,20;
44,3,75;
96,3,168;
85,4,122;
7,3,14;
27,3,45;
38,4,52;
28,4,41;
34,4,47;
31,3,55;
34,3,60;
18,4,27;
35,3,62;
28,4,41;
67,3,115;
97,4,136;
82,4,114;
8,3,15;
83,4,119;
93,4,130;
9,4,14;
46,3,78;
60,4,83;
83,3,142;
79,3,135;
46,4,67;
80,3,137;
42,3,74;
12,3,22;
90,3,157;
47,4,68;
12,3,22;
35,4,51;
83,3,145;
54,4,78;
95,3,163;
89,3,156;
50,3,88;
24,4,35;
84,3,144;
81,3,142;
76,4,106;
25,3,45;
88,4,123;
18,3,33;
52,4,72;
96,4,134;
4,4,7;
37,4,54;
43,3,73;
83,4,116;
90,4,126;
43,4,62;
76,4,106;
17,4,23;
84,3,147;
76,3,133;
65,4,90;
29,3,49;
56,4,78;
20,3,36;
37,4,51;
53,4,76;
32,4,47;
87,3,152;
35,3,62;
73,3,125;
15,4,20;
74,3,127;
72,4,103;
99,3,170;
26,3,44;
83,4,116;
67,4,93;
19,3,34;
70,4,100;
69,4,96;
68,4,95;
74,4,103;
63,3,111;
97,4,136;
72,4,100;
71,3,124;
61,4,85;
6,3,9;
62,3,109;
54,3,92;
97,3,170;
36,4,52;
53,3,93;
72,4,100;
8,3,15;
36,3,61;
41,3,73;
2,3,2;
82,3,144;
65,4,90;
93,3,163;
49,4,71;
2,4,1;
18,3,33;
16,3,29;
91,3,156;
74,3,127;
12,3,22;
22,3,40;
25,4,34;
28,4,38;
42,3,71;
59,3,101;
71,4,99;
10,3,19;
10,4,16;
11,3,18;
41,4,56;
60,4,83;
54,4,75;
83,3,145;
35,4,48;
67,3,115;
21,3,35;
66,3,116;
39,4,57;
24,4,35;
78,3,137;
4,4,7;
56,4,78;
16,4,21;
66,3,116;
28,4,38;
52,3,89;
8,3,15;
27,4,37;
94,4,131;
6,4,10;
97,3,170;
21,4,31;
33,3,59;
13,4,20;
6,3,12;
35,3,59;
59,3,104;
97,4,136;
5,3,7;
10,3,16;
20,4,27;
18,4,27;
94,4,131;
29,3,52;
20,3,36;
30,4,41;
72,4,103;
52,3,89;
46,4,67;
39,3,66;
92,4,132;
32,3,57;
54,4,75;
34,3,57;
84,3,147;
38,4,55;
41,4,56;
38,4,52;
52,3,92;
17,4,23;
49,4,68;
90,4,126;
83,4,119;
90,3,154;
45,3,76;
7,3,14;
4,3,5;
59,3,104;
100,3,172;
48,4,66;
32,3,54;
61,3,107;
12,4,15;
59,4,82;
75,4,105;
23,4,31;
84,4,117;
48,3,85;
47,4,68;
52,4,72;
11,4,14;
76,3,133;
18,3,30;
34,4,47;
23,4,31;
35,4,51;
42,3,71;
86,4,120;
26,3,44;
51,3,87;
29,4,43;
13,3,21;
81,3,142;
61,4,85;
46,3,81;
27,3,48;
13,4,20;
10,3,19;
20,3,36;
72,4,103;
15,4,20;
58,4,81;
70,3,123;
32,4,47;
55,4,76;
55,4,76;
87,3,152;
55,4,76;
92,3,161;
92,3,161;
49,3,83;
20,3,36;
38,3,67;
14,3,23;
73,3,125;
18,4,24;
40,3,68;
58,4,81;
16,4,21;
69,3,118;
87,4,122;
73,3,125;
39,3,66;
36,3,64;
69,4,99;
44,3,75;
45,4,62;
20,4,27;
41,3,70;
97,3,167;
8,4,13;
61,3,104;
98,4,140;
14,4,21;
96,3,165;
32,3,57;
9,3,14;
74,4,103;
21,4,31;
90,3,154;
20,4,30;
49,3,86;
31,3,55;
65,3,114;
59,4,85;
45,4,65;
81,3,142;
13,3,24;
9,3,14;
30,3,53;
53,4,76;
7,4,11;
90,3,154;
1,4,3;
67,4,96;
96,3,168;
98,4,140;
78,3,134;
89,3,156;
98,4,140;
3,4,6;
86,4,123;
14,3,26;
58,3,99;
74,4,103;
23,3,38;
9,3,17;
52,3,92;
16,4,24;
46,4,64;
84,4,120;
80,3,137;
13,3,21;
86,3,147;
58,4,81;
67,3,118;
16,3,29;
10,4,13;
77,3,132;
4,4,4;
41,3,70;
50,3,85;
72,4,100;
7,4,8;
14,4,21;
56,3,98;
44,4,61;
69,4,99;
25,4,37;
77,3,132;
33,3,59;
95,3,166;
29,3,52;
60,4,86;
49,3,83;
97,4,139;
99,4,139;
76,4,109;
66,3,113;
82,3,141;
58,3,102;
34,4,47;
55,3,94;
17,4,26;
28,4,41;
63,4,88;
97,3,170;
39,4,57;
92,4,129;
91,3,156;
75,4,108;
66,4,95;
18,4,27;
56,3,98;
89,4,127;
70,4,97;
67,4,96;
20,4,30;
23,4,31;
10,3,19;
52,3,92;
5,4,6;
5,4,9;
55,4,76;
85,3,149;
2,4,4;
89,4,127;
72,3,126;
22,3,40;
85,4,119;
84,4,120;
19,4,28;
87,4,125;
15,3,24;
96,4,134;
46,4,67;
14,3,26;
20,4,30;
8,3,15;
64,3,109;
18,4,24;
100,3,175;
34,3,57;
6,3,9;
58,4,84;
24,4,32;
70,3,120;
17,3,28;
13,3,21;
52,4,72;
40,3,71;
53,4,76;
68,3,116;
19,3,31;
8,4,13;
4,3,8;
64,3,109;
27,3,45;
67,3,115;
97,3,170;
53,3,90;
14,4,18;
67,4,93;
13,4,20;
73,4,102;
53,4,73;
16,4,24;
40,3,71;
20,3,33;
92,3,161;
96,4,134;
34,3,57;
14,3,23;
16,3,26;
70,4,100;
25,3,42;
45,3,76;
86,4,123;
5,4,6;
28,4,41;
63,4,88;
83,3,142;
70,4,100;
35,4,51;
24,3,43;
45,4,62;
99,3,170;
87,4,122;
4,4,7;
32,4,47;
35,4,51;
87,3,149;
39,4,54;
44,3,75;
58,3,99;
79,4,113;
7,4,8;
59,3,101;
97,4,139;
48,3,82;
96,3,165;
33,3,59;
13,4,17;
9,3,17;
2,4,4;
42,3,71;
96,3,168;
8,3,15;
10,4,16;
4,4,4;
36,4,49;
28,3,47;
7,3,14;
23,3,41;
36,3,61;
60,4,83;
59,4,82;
91,3,156;
59,4,82;
41,3,70;
96,3,168;
68,3,119;
77,3,132;
22,3,37;
26,3,47;
24,4,32;
15,3,24;
84,3,147;
32,3,57;
54,3,95;
6,4,7;
89,3,153;
78,4,112;
38,3,64;
67,4,93;
42,3,74;
95,4,133;
85,3,149;
2,4,4;
12,4,18;
78,3,137;
47,3,83;
5,4,9;
4,3,8;
3,3,7;
39,4,54;
16,3,29;
60,4,83;
45,3,76;
27,3,48;
93,3,160;
97,3,167;
78,4,109;
51,3,90;
34,3,60;
12,4,15;
9,3,14;
56,4,78;
47,3,80;
71,4,102;
29,4,43;
32,4,44;
73,4,105;
5,3,10;
88,4,123;
55,4,76;
45,4,65;
92,3,161;
20,3,36;
86,4,123;
98,3,168;
26,3,47;
78,4,112;
10,4,16;
32,4,47;
99,3,173;
93,3,160;
95,4,133;
56,4,81;
27,4,40;
11,4,17;
76,4,106;
80,4,115;
95,3,163;
89,3,153;
65,4,93;
21,3,35;
38,4,55;
49,4,68;
49,4,71;
1,4,0;
5,4,6;
21,4,28;
50,4,69;
90,3,157;
69,3,118;
76,4,109;
45,4,62;
7,4,11;
97,4,136;
74,3,130;
56,4,81;
36,3,61;
40,3,68;
18,3,33;
64,3,109;
44,4,64;
90,4,126;
10,4,13;
98,3,168;
61,3,104;
94,3,164;
14,4,18;
89,3,156;
56,3,98;
74,3,130;
89,3,156;
97,3,170;
7,3,11;
12,4,15;
83,3,145;
10,4,16;
73,3,125;
15,4,23;
93,3,163;
76,3,130;
34,3,60;
10,3,19;
2,4,4;
85,4,119;
31,4,42;
65,4,93;
37,4,54;
26,4,38;
41,3,73;
10,4,13;
99,4,142;
22,3,40;
9,3,14;
30,3,50;
51,3,90;
3,3,4;
27,3,45;
52,3,92;
79,4,113;
29,3,52;
64,3,109;
73,4,102;
43,4,59;
79,3,138;
68,3,116;
44,3,78;
64,3,109;
46,4,67;
49,4,68;
62,4,89;
73,4,105;
95,3,163;
56,3,95;
83,3,142;
25,4,34;
18,4,27;
50,3,85;
26,3,47;
44,3,75;
83,3,145;
63,3,111;
53,4,73;
28,4,41;
23,3,38;
9,4,11;
18,4,24;
6,3,12;
61,4,88;
39,3,69;
75,3,131;
6,3,9;
65,4,90;
7,4,11;
97,3,167;
92,3,158;
37,3,66;
52,4,75;
76,4,109;
76,4,106;
60,4,86;
60,4,86;
92,3,158;
42,3,74;
100,4,143;
93,4,133;
52,3,92;
61,4,85;
33,3,59;
53,3,93;
62,4,89;
11,3,18;
83,4,119;
90,3,157;
32,3,54;
22,4,30;
47,3,80;
53,4,73;
84,3,147;
29,3,49;
97,3,170;
21,4,31;
45,4,62;
94,4,131;
4,4,7;
76,4,106;
59,3,104;
10,4,16;
27,3,48;
85,4,122;
44,3,78;
9,3,14;
23,4,31;
19,3,34;
53,4,73;
96,4,134;
63,4,91;
7,4,11;
57,3,97;
41,3,70;
89,4,124;
15,4,20;
63,4,91;
11,4,14;
94,3,161;
10,3,19;
75,4,105;
5,4,9;
78,3,137;
95,4,136;
28,3,47;
42,3,71;
100,3,175;
18,3,33;
93,4,133;
54,4,75;
81,3,142;
79,3,138;
13,4,17;
45,3,76;
71,3,124;
65,3,111;
100,4,140;
18,3,30;
51,3,90;
6,4,7;
63,4,91;
54,3,95;
74,3,130;
56,3,98;
80,3,140;
92,3,158;
13,4,20;
86,4,123;
22,4,30;
14,3,23;
64,3,112;
68,4,98;
87,3,149;
37,4,54;
54,3,92;
62,3,109;
18,4,27;
35,3,59;
2,4,1;
65,4,90;
70,4,100;
9,3,14;
75,3,128;
88,4,126;
11,3,21;
36,3,61;
38,3,67;
81,3,139;
98,4,137;
89,3,156;
43,3,73;
4,4,7;
12,3,19;
3,4,6;
82,3,141;
82,4,117;
46,3,81;
62,3,106;
26,4,38;
54,4,75;
7,4,11;
69,3,118;
44,4,64;
8,3,15;
59,4,85;
1,4,3;
14,4,18;
97,3,170;
59,4,85;
14,4,18;
66,4,92;
88,3,151;
79,3,135;
73,4,105;
10,3,19;
61,3,107;
100,4,143;
1,4,3;
60,4,86;
48,3,85;
88,4,126;
30,3,53;
51,4,74;
71,3,121;
80,4,115;
89,4,127;
58,3,99;
3,4,3;
90,4,129;
41,3,70;
60,4,86;
21,3,38;
87,3,149;
78,4,109;
53,3,93;
4,3,8;
16,4,24;
37,3,63;
89,3,153;
78,3,134;
47,4,68;
55,3,97;
84,4,120;
72,4,100;
11,3,21;
44,4,61;
49,4,68;
20,3,33;
62,4,89;
89,3,156;
93,4,133;
19,3,34;
91,4,130;
13,3,21;
42,4,61;
18,4,27;
26,3,47;
30,3,53;
33,4,48;
85,4,122;
51,4,71;
58,3,99;
66,4,92;
89,3,153;
70,4,97;
84,4,120;
90,4,126;
31,4,45;
66,4,92;
86,4,120;
15,3,24;
29,3,52;
35,3,59;
74,4,103;
61,3,104;
81,4,116;
90,4,126;
4,3,8;
92,3,158;
42,3,74;
15,3,24;
46,3,78;
50,3,85;
41,4,59;
18,4,27;
62,4,89;
93,3,160;
88,3,151;
56,3,95;
56,3,98;
93,3,163;
48,4,66;
29,4,40;
46,4,67;
17,3,31;
55,3,97;
56,4,78;
8,3,15;
14,3,26;
71,4,102;
37,4,51;
33,3,56;
2,4,4;
23,4,31;
62,4,89;
84,4,120;
36,3,61;
32,3,57;
93,3,163;
87,3,149;
88,3,154;
2,3,2;
17,3,31;
45,3,76;
22,3,37;
95,4,136;
54,3,95;
37,4,54;
37,4,54;
98,4,140;
13,4,20;
25,3,45;
30,4,44;
16,3,26;
48,4,66;
9,3,14;
10,4,16;
42,3,71;
77,3,135;
36,3,61;
46,3,78;
37,3,66;
82,3,144;
22,4,30;
65,4,90;
70,4,100;
43,3,73;
25,4,37;
24,3,40;
33,4,45;
52,4,75;
34,4,47;
44,3,75;
9,4,14;
71,3,124;
55,3,94;
40,4,55;
81,4,116;
10,3,16;
2,3,5;
57,4,82;
14,3,26;
91,4,127;
16,4,24;
84,4,120;
83,3,145;
9,4,11;
88,4,123;
24,3,40;
59,3,101;
17,3,31;
1,4,3;
64,4,89;
63,3,108;
26,3,44;
83,4,119;
36,4,49;
32,4,47;
65,3,111;
9,4,11;
70,4,97;
22,3,40;
81,4,113;
25,4,34;
81,4,116;
51,3,90;
60,4,83;
44,4,64;
81,4,116;
56,3,95;
21,4,31;
21,4,28;
37,3,63;
98,3,171;
75,3,131;
71,3,124;
37,3,63;
88,3,154;
23,3,41;
11,3,21;
37,3,66;
2,3,5;
30,4,44;
75,4,105;
46,4,67;
61,3,104;
91,3,156;
100,3,175;
75,3,131;
20,3,36;
22,4,30;
11,4,17;
69,4,96;
43,3,73;
96,4,137;
51,3,87;
10,4,16;
99,4,139;
81,3,142;
24,3,43;
59,4,85;
86,4,123;
94,4,131;
62,3,109;
5,4,6;
43,4,62;
23,4,34;
20,4,30;
10,3,19;
32,3,57;
72,3,126;
37,3,66;
30,3,50;
13,3,24;
85,3,146;
63,4,91;
65,4,90;
51,3,90;
80,3,140;
26,4,38;
83,3,142;
79,3,135;
49,3,83;
36,4,49;
46,4,67;
85,4,122;
67,4,96;
33,3,59;
92,4,129;
45,3,79;
33,3,56;
82,3,144;
2,4,4;
23,4,34;
11,3,21;
37,3,66;
38,4,55;
37,3,63;
100,3,172;
15,4,23;
4,4,4;
19,3,34;
63,3,111;
70,4,97;
6,3,9;
3,3,7;
67,3,118;
52,3,89;
41,4,59;
4,3,5;
3,4,3;
88,3,151;
17,3,31;
15,3,24;
14,3,23;
77,3,132;
96,3,168;
56,3,95;
53,3,93;
48,4,66;
67,3,115;
98,4,137;
9,4,11;
24,3,43;
13,3,21;
77,4,107;
51,3,90;
28,4,38;
53,4,76;
89,3,156;
13,4,20;
20,3,33;
57,3,100;
17,3,31;
92,3,158;
98,3,168;
51,4,74;
59,3,101;
42,3,71;
100,4,143;
57,3,100;
58,4,84;
16,3,29;
68,3,116;
38,3,67;
53,4,76;
72,3,126;
44,3,75;
54,4,78;
1,4,0;
63,3,108;
82,4,114;
30,3,50;
96,4,137;
92,3,158;
91,4,127;
19,4,28;
16,3,26;
15,4,23;
26,4,38;
45,4,65;
95,3,166;
53,4,76;
47,4,65;
75,3,131;
57,4,79;
2,4,1;
9,3,14;
8,4,10;
81,3,142;
67,3,115;
6,3,12;
33,4,45;
95,4,133;
90,4,129;
99,4,139;
18,4,27;
28,4,38;
22,3,40;
29,3,52;
33,4,45;
28,4,38;
74,3,127;
6,3,9;
77,4,110;
71,3,124;
22,3,40;
79,3,138;
86,3,147;
90,4,129;
34,3,57;
21,3,38;
75,4,105;
47,4,65;
25,4,37;
8,3,15;
15,3,24;
25,3,42;
52,4,75;
81,3,139;
41,3,73;
13,4,17;
43,3,73;
59,3,101;
18,4,24;
33,4,45;
75,4,105;
62,4,86;
97,3,167;
33,4,48;
60,3,102;
52,3,89;
89,3,156;
14,3,26;
73,4,102;
60,4,83;
96,3,168;
56,4,81;
53,4,76;
52,3,89;
25,4,37;
38,4,55;
39,3,66;
42,4,58;
13,3,24;
95,3,163;
77,3,132;
65,3,114;
8,4,13;
55,4,79;
33,3,56;
77,4,110;
8,4,10;
55,4,79;
64,3,112;
59,4,82;
52,3,92;
91,4,127;
61,4,85;
36,4,49;
15,4,23;
41,4,56;
46,3,81;
59,4,85;
61,4,85;
61,3,107;
76,4,109;
42,4,61;
39,3,69;
17,4,26;
82,3,144;
63,3,108;
76,3,133;
69,3,121;
74,3,130;
37,4,51;
65,4,93;
90,4,129;
36,4,49;
25,4,34;
45,4,65;
43,3,76;
48,3,82;
80,4,112;
38,4,52;
52,3,92;
72,3,123;
10,3,19;
70,3,120;
27,3,45;
54,4,78;
79,3,135;
90,4,129;
55,3,97;
70,3,120;
83,3,142;
43,4,59;
73,3,125;
55,4,76;
4,4,7;
5,4,6;
17,4,26;
55,3,97;
56,4,78;
95,3,163;
81,3,142;
100,4,143;
58,3,99;
61,3,104;
23,4,31;
5,4,9;
30,4,41;
60,4,83;
81,4,113;
71,4,102;
70,3,120;
86,3,147;
12,4,15;
46,4,67;
28,3,50;
38,3,64;
94,3,164;
79,4,110;
47,4,65;
7,4,11;
48,4,69;
24,4,32;
61,3,104;
94,3,164;
72,4,100;
31,3,52;
15,4,23;
59,4,85;
44,3,75;
71,3,121;
10,4,16;
27,4,40;
40,4,55;
43,4,62;
86,4,120;
96,4,134;
62,4,89;
90,4,129;
64,4,89;
61,3,104;
89,3,153;
96,4,134;
97,4,136;
45,4,65;
31,3,52;
2,4,1;
78,4,109;
35,4,51;
67,3,118;
10,3,19;
51,3,87;
66,3,113;
97,4,136;
72,3,123;
94,4,131;
59,3,104;
9,3,14;
32,3,54;
18,3,30;
75,4,105;
75,4,108;
78,4,109;
6,3,9;
81,3,139;
63,4,91;
22,3,40;
100,4,143;
92,4,132;
93,3,163;
91,4,130;
6,3,12;
52,4,75;
81,3,139;
13,3,24;
5,4,6;
33,4,48;
86,4,120;
89,3,153;
4,3,5;
81,4,113;
16,4,21;
16,3,29;
25,4,34;
36,3,64;
69,3,121;
69,4,96;
45,4,62;
19,4,25;
89,4,127;
37,3,66;
28,3,50;
49,3,86;
76,3,130;
74,4,103;
68,4,98;
87,4,125;
69,4,99;
12,4,18;
24,3,43;
66,3,113;
36,4,52;
97,4,136;
96,3,168;
17,4,26;
22,4,30;
94,4,131;
98,4,137;
62,4,89;
16,3,26;
7,4,11;
27,3,48;
96,4,137;
94,3,164;
15,3,24;
96,3,165;
100,3,172;
72,4,100;
57,3,100;
62,3,106;
51,3,87;
76,4,106;
91,4,127;
36,4,49;
32,3,57;
13,4,17;
96,3,165;
71,3,121;
2,3,5;
55,4,79;
37,3,63;
3,4,6;
51,4,74;
7,3,14;
60,4,86;
30,4,41;
66,3,116;
15,4,23;
2,3,2;
65,4,90;
1,4,0;
41,3,73;
72,4,100;
90,4,129;
8,3,12;
56,4,78;
63,4,91;
63,4,88;
58,3,99;
55,4,79;
27,4,40;
49,4,68;
42,4,61;
73,4,105;
76,3,130;
40,4,55;
49,4,71;
11,4,17;
60,3,105;
94,3,164;
24,4,32;
94,3,164;
82,4,114;
91,4,127;
89,4,127;
84,3,144;
46,3,78;
92,3,161;
94,4,134;
62,4,89;
23,4,31;
89,3,156;
82,3,144;
6,3,9;
95,3,163;
77,3,132;
89,3,156;
35,3,59;
60,4,86;
75,3,131;
93,3,160;
14,4,21;
59,4,82;
73,3,128;
100,3,175;
70,4,100;
22,3,37;
71,4,102;
20,3,33;
70,3,120;
31,3,55;
67,4,96;
77,3,135;
67,4,93;
73,3,128;
45,4,65;
5,3,10;
65,3,111;
54,4,75;
58,3,102;
66,4,92;
23,4,31;
24,4,35;
23,3,41;
59,3,101;
73,4,102;
39,4,54;
92,4,129;
83,3,142;
1,4,0;
92,4,132;
9,4,14;
50,3,88;
81,4,116;
82,3,144;
20,4,27;
82,4,117;
89,3,153;
29,3,52;
35,3,59;
41,4,59;
37,3,66;
29,4,43;
71,4,102;
86,3,150;
50,4,69;
40,4,58;
58,4,81;
67,3,118;
68,3,119;
6,3,9;
96,3,168;
85,4,122;
26,4,38;
42,4,58;
77,4,110;
65,4,93;
42,4,58;
17,4,23;
86,3,147;
73,3,125;
30,4,41;
39,3,66;
57,3,97;
30,4,41;
4,4,7;
76,3,133;
40,4,55;
62,3,109;
31,3,52;
95,4,133;
24,4,32;
86,3,147;
49,3,86;
44,3,78;
1,3,3;
7,4,11;
97,4,139;
29,4,43;
70,4,100;
90,3,154;
61,3,107;
89,4,124;
43,4,62;
61,3,107;
88,4,126;
88,4,123;
38,4,52;
90,4,129;
97,4,136;
71,3,121;
46,3,81;
2,3,2;
47,3,80;
22,3,40;
65,4,90;
28,4,41;
66,3,116;
50,3,85;
47,4,65;
79,4,110;
39,3,66;
60,3,102;
24,4,35;
48,3,82;
46,3,81;
71,4,102;
5,4,9;
86,4,120;
36,3,64;
46,3,78;
82,3,141;
96,3,165;
94,4,131;
17,3,31;
22,4,33;
60,3,105;
24,3,43;
5,3,7;
56,3,95;
68,4,95;
62,3,109;
4,3,5;
29,4,40;
68,3,116;
39,3,66;
1,4,0;
94,4,131;
70,4,97;
65,4,93;
98,4,137;
26,3,47;
4,4,7;
24,3,40;
70,4,100;
4,4,7;
27,4,37;
58,4,81;
80,4,112;
27,3,45;
53,4,73;
77,4,110;
5,3,10;
39,3,69;
41,3,73;
37,3,63;
39,3,69;
80,4,112;
11,3,21;
39,4,57;
35,4,51;
69,4,96;
62,4,86;
43,3,73;
50,3,85;
52,3,89;
45,4,65;
3,4,6;
92,3,158;
79,3,135;
26,4,35;
98,4,137;
70,4,100;
67,3,115;
45,3,76;
52,4,72;
82,4,117;
8,3,12;
3,3,4;
40,4,58;
79,4,110;
9,3,14;
18,3,33;
71,4,99;
73,3,125;
21,4,28;
58,4,81;
50,3,88;
70,3,120;
94,4,134;
71,4,99;
7,4,11;
3,4,3;
35,4,51;
69,4,99;
77,4,110;
37,3,66;
98,4,137;
57,3,97;
23,4,34;
62,4,89;
10,4,16;
51,4,74;
75,4,105;
14,3,26;
65,3,114;
29,4,40;
57,4,79;
99,3,170;
59,3,101;
8,4,10;
80,4,112;
22,3,37;
25,3,42;
25,4,37;
53,4,73;
29,4,40;
98,3,168;
17,3,28;
44,4,64;
6,3,12;
34,3,57;
26,3,44;
99,3,173;
78,3,137;
14,4,21;
50,4,72;
88,4,126;
10,4,16;
50,4,72;
42,4,58;
82,3,141;
56,3,98;
27,4,37;
11,4,17;
27,3,48;
79,4,113;
74,4,106;
41,4,56;
58,4,84;
52,4,75;
81,4,113;
75,4,105;
35,4,48;
100,3,172;
38,3,67;
9,4,11;
97,4,136;
96,4,134;
82,4,114;
72,3,126;
40,4,55;
80,4,112;
84,4,120;
6,3,9;
32,3,57;
49,4,68;
63,3,111;
67,3,118;
12,3,19;
83,4,116;
83,4,116;
75,4,105;
68,3,116;
26,3,44;
66,3,116;
15,3,24;
12,4,15;
61,3,107;
26,3,47;
46,3,78;
86,3,147;
69,4,99;
86,4,123;
24,3,40;
96,3,165;
11,3,21;
80,4,115;
95,3,163;
19,4,25;
11,4,17;
28,4,41;
1,4,3;
73,3,128;
44,4,61;
81,3,142;
93,4,130;
25,4,34;
57,4,82;
26,4,35;
98,3,168;
30,3,50;
28,3,47;
56,4,78;
2,4,1;
98,3,171;
14,4,21;
9,4,14;
81,4,116;
15,3,24;
19,4,25;
92,3,158;
65,3,111;
99,4,142;
93,4,130;
77,4,110;
70,4,100;
4,3,5;
49,4,71;
46,3,78;
75,4,108;
6,3,12;
48,3,85;
56,4,81;
14,3,26;
90,4,129;
87,4,125;
57,4,82;
24,3,43;
73,4,105;
23,4,34;
65,4,93;
68,3,119;
50,3,85;
16,3,29;
11,3,21;
17,4,23;
36,4,49;
27,3,45;
13,4,20;
59,3,101;
76,4,106;
56,3,98;
21,4,31;
89,3,156;
50,4,72;
85,3,149;
65,3,114;
15,4,20;
21,4,28;
74,3,130;
80,3,137;
47,4,65;
15,4,23;
7,3,11;
44,3,75;
70,3,123;
35,4,48;
95,4,136;
84,3,144;
52,3,89;
86,3,150;
24,4,35;
22,3,40;
53,3,93;
87,4,122;
46,4,64;
41,3,70;
29,4,40;
38,3,67;
35,4,48;
35,4,48;
30,3,50;
71,3,124;
74,3,130;
77,4,110;
11,4,14;
60,3,105;
6,4,10;
51,4,74;
41,3,70;
51,3,87;
21,3,35;
38,3,67;
13,3,21;
2,4,1;
86,3,147;
70,4,97;
60,4,86;
91,3,156;
38,4,55;
40,4,55;
16,3,29;
37,4,54;
50,4,69;
1,4,0;
38,4,55;
82,3,144;
54,3,92;
45,4,62;
13,3,21;
58,4,84;
72,4,103;
18,3,30;
41,3,70;
91,4,130;
28,4,41;
65,3,111;
6,3,9;
59,3,101;
76,4,106;
50,3,85;
76,3,133;
73,4,102;
18,4,27;
2,3,5;
12,3,22;
4,4,4;
84,3,147;
65,4,93;
65,3,111;
86,4,123;
13,3,24;
69,3,118;
82,3,144;
55,3,94;
7,3,14;
99,3,173;
8,3,15;
99,4,139;
50,4,69;
29,3,52;
87,3,152;
3,4,6;
90,3,154;
24,3,43;
3,4,6;
44,3,78;
31,3,52;
64,4,89;
63,4,88;
51,3,90;
89,3,156;
15,3,24;
56,3,95;
66,3,116;
77,3,135;
91,3,156;
74,3,127;
90,4,129;
49,3,83;
8,4,13;
24,4,35;
42,3,74;
15,4,23;
89,4,124;
36,4,49;
63,4,88;
21,4,28;
89,3,153;
53,3,90;
7,4,8;
60,3,102;
38,4,55;
82,4,117;
81,3,142;
77,3,132;
99,3,170;
84,3,144;
61,3,104;
59,4,82;
9,4,14;
15,3,24;
15,3,27;
91,3,159;
89,3,153;
46,4,64;
9,4,14;
98,4,140;
22,3,37;
10,4,16;
96,4,134;
6,3,9;
14,3,23;
88,4,123;
77,4,107;
10,4,16;
85,3,146;
73,3,128;
73,3,128;
91,3,159;
41,4,56;
80,3,140;
17,3,28;
6,3,9;
28,4,41;
35,3,62;
89,3,156;
78,3,137;
15,4,23;
85,3,149;
12,4,18;
83,4,119;
28,4,41;
39,3,66;
96,3,165;
73,4,102;
73,3,128;
89,4,127;
58,4,84;
46,4,64;
89,4,124;
48,4,69;
100,3,172;
92,4,132;
34,3,60;
17,3,28;
2,3,2;
2,4,4;
71,4,102;
95,3,166;
80,4,115;
41,3,70;
61,4,88;
74,4,106;
54,4,75;
67,3,115;
62,4,86;
33,4,48;
95,3,166;
57,3,97;
88,4,123;
92,3,161;
94,3,164;
58,3,99;
62,3,106;
78,4,112;
63,3,111;
72,4,103;
3,4,6;
8,3,15;
41,4,59;
15,4,23;
80,4,112;
7,4,8;
49,4,68;
48,4,69;
55,3,94;
91,3,159;
3,4,3;
38,4,55;
88,4,123;
40,3,68;
64,4,92;
3,3,7;
63,4,88;
6,3,9;
98,3,171;
21,4,28;
23,3,38;
97,3,170;
95,4,136;
2,4,4;
17,4,26;
34,4,50;
76,3,130;
53,3,90;
44,3,78;
43,4,59;
92,3,161;
18,3,30;
42,4,61;
72,3,123;
14,4,21;
43,3,73;
45,3,76;
50,4,69;
10,3,19;
73,3,125;
77,3,132;
39,3,66;
54,4,78;
18,4,24;
92,3,158;
63,3,111;
100,4,143;
81,3,142;
64,4,89;
34,3,60;
47,3,83;
19,3,31;
55,4,76;
87,4,122;
21,4,28;
54,4,78;
57,3,97;
55,3,97;
8,4,10;
26,4,35;
28,4,38;
46,4,67;
4,3,5;
88,3,151;
18,4,27;
19,3,34;
6,4,7;
84,4,120;
17,4,23;
62,4,86;
3,4,6;
81,3,142;
100,4,140;
49,4,68;
30,4,44;
67,3,115;
40,4,58;
84,3,144;
87,4,125;
29,3,52;
28,4,41;
12,4,18;
63,4,88;
45,4,65;
13,4,20;
98,4,137;
23,3,38;
36,4,52;
63,3,111;
38,3,67;
25,3,42;
79,3,135;
24,3,43;
62,4,89;
6,3,12;
51,4,71;
3,4,3;
35,4,48;
23,4,34;
41,3,70;
69,4,99;
40,3,71;
41,3,73;
54,3,95;
27,3,45;
55,3,94;
52,3,92;
47,3,83;
25,3,45;
65,4,90;
88,3,151;
16,4,21;
59,4,82;
22,4,30;
27,3,48;
54,3,95;
36,3,64;
92,4,129;
21,3,35;
37,4,54;
85,3,149;
8,4,10;
69,4,96;
65,4,93;
55,4,76;
11,3,21;
91,4,130;
20,4,27;
68,4,98;
31,4,42;
91,4,127;
45,4,65;
59,3,104;
23,4,34;
76,4,106;
98,4,137;
38,4,55;
3,3,7;
47,3,83;
91,3,156;
99,4,142;
98,3,171;
13,4,17;
66,4,95;
4,3,5;
86,4,120;
17,4,26;
35,4,48;
71,4,99;
7,4,8;
89,4,124;
12,4,15;
82,3,144;
98,4,137;
65,3,111;
99,4,139;
61,4,85;
88,3,151;
14,4,18;
30,3,50;
97,4,139;
24,3,43;
23,4,31;
37,3,63;
63,4,91;
30,4,44;
28,3,47;
1,4,0;
49,3,86;
9,4,14;
3,4,3;
11,4,14;
18,4,27;
75,4,108;
33,3,56;
58,4,84;
86,4,123;
24,4,32;
98,4,140;
74,4,103;
89,4,124;
85,4,122;
12,4,18;
6,3,9;
27,3,48;
83,4,116;
82,3,141;
40,4,55;
66,3,116;
99,3,170;
20,3,36;
20,4,30;
12,4,15;
4,4,7;
39,4,57;
66,4,92;
59,3,101;
37,3,66;
100,4,140;
82,4,117;
3,4,6;
12,3,22;
63,4,88;
34,4,50;
35,3,59;
3,3,4;
41,3,73;
2,4,4;
76,4,109;
82,4,114;
72,3,126;
33,3,59;
35,3,62;
6,4,10;
80,4,115;
11,3,21;
40,3,71;
47,3,80;
75,3,131;
41,4,59;
15,3,27;
33,4,45;
90,3,154;
13,4,20;
52,4,72;
91,4,130;
55,3,97;
40,4,55;
87,3,152;
11,4,17;
60,3,102;
89,4,124;
5,3,7;
3,4,6;
38,3,67;
76,3,133;
22,3,37;
58,4,81;
24,4,32;
63,3,108;
54,3,95;
77,3,132;
84,4,117;
76,3,130;
55,4,76;
81,3,139;
96,3,168;
81,3,142;
22,4,30;
20,3,36;
84,3,144;
24,3,43;
58,3,102;
56,4,78;
65,3,111;
4,4,7;
29,3,52;
25,4,37;
8,3,12;
71,4,99;
64,4,89;
27,4,37;
75,3,128;
100,3,175;
40,3,71;
100,3,175;
75,3,131;
76,4,109;
43,3,73;
65,4,90;
55,4,79;
24,3,40;
31,3,52;
56,4,81;
33,4,48;
33,3,59;
17,3,28;
46,4,67;
54,3,92;
80,4,112;
70,3,120;
26,3,47;
35,3,62;
92,3,161;
89,4,124;
26,4,38;
100,4,143;
47,4,68;
20,3,36;
70,4,100;
55,3,94;
22,4,30;
60,3,102;
85,4,122;
81,4,113;
80,3,140;
47,4,65;
11,3,21;
60,4,83;
5,4,9;
46,3,81;
44,3,75;
25,3,45;
72,3,123;
79,3,135;
5,3,10;
71,3,121;
14,4,21;
58,3,102;
81,4,116;
56,4,78;
50,3,85;
24,3,43;
22,4,33;
46,4,64;
10,4,13;
61,4,88;
42,4,58;
83,4,119;
4,3,8;
45,4,62;
68,3,119;
36,3,64;
81,4,116;
33,3,56;
64,4,92;
81,3,139;
8,3,15;
8,3,15;
34,3,60;
91,3,156;
97,4,139;
85,3,146;
51,4,71;
89,3,153;
30,4,41;
84,4,120;
94,4,134;
82,3,144;
97,3,170;
91,3,156;
69,4,99;
76,4,106;
73,4,105;
90,4,126;
9,4,14;
35,3,62;
36,3,61;
43,3,73;
16,4,21;
87,3,152;
57,3,97;
41,4,56;
12,4,18;
13,4,17;
76,3,133;
63,4,91;
86,3,147;
97,4,136;
14,4,18;
65,4,93;
34,3,57;
73,4,102;
4,4,7;
50,4,69;
34,3,60;
10,3,19;
4,4,4;
22,3,37;
34,3,60;
19,3,31;
98,4,140;
52,4,75;
48,3,82;
24,4,35;
20,3,33;
60,3,105;
14,3,23;
99,4,142;
79,3,135;
66,4,95;
66,4,95;
5,3,7;
30,4,41;
15,3,24;
25,4,34;
37,4,51;
88,4,126;
73,4,102;
35,3,62;
88,4,123;
42,4,58;
95,4,133;
66,4,92;
62,4,89;
88,4,126;
97,3,167;
13,4,17;
18,3,33;
80,4,112;
17,4,23;
91,4,127;
78,3,137;
99,4,139;
20,3,36;
83,4,116;
14,3,26;
81,3,139;
6,3,12;
57,3,97;
2,3,5;
94,4,134;
31,3,55;
75,4,105;
64,3,112;
58,3,99;
25,4,34;
19,4,28;
75,3,128;
30,3,53;
77,4,107;
75,4,108;
60,3,102;
42,3,74;
57,4,79;
81,4,116;
79,3,138;
61,4,88;
53,4,76;
56,4,78;
13,3,24;
22,4,33;
76,4,106;
32,3,54;
50,4,69;
97,4,136;
35,3,59;
93,3,160;
85,3,146;
62,4,89;
64,3,112;
9,3,17;
70,4,100;
85,3,149;
38,3,67;
15,3,27;
6,3,12;
24,3,40;
96,3,168;
48,3,85;
2,4,4;
89,4,127;
61,4,85;
31,4,45;
85,3,149;
89,4,127;
90,3,154;
39,3,66;
93,4,130;
80,4,115;
3,3,7;
62,4,89;
63,4,88;
55,4,79;
96,4,134;
94,3,161;
39,4,57;
47,4,68;
74,4,103;
2,4,1;
13,3,21;
46,3,78;
30,3,53;
96,4,137;
24,3,43;
38,3,67;
37,4,54;
12,3,19;
44,3,78;
30,4,41;
36,3,61;
52,4,72;
40,4,58;
26,3,47;
6,3,9;
59,4,85;
53,3,93;
74,3,130;
28,4,38;
24,3,43;
40,4,58;
45,3,79;
54,4,75;
43,4,59;
38,4,52;
86,3,150;
24,4,35;
42,3,71;
3,4,3;
57,4,79;
35,3,62;
72,3,126;
80,4,112;
19,4,25;
31,3,55;
26,3,47;
61,4,88;
40,4,58;
41,3,73;
85,3,146;
67,4,96;
52,3,89;
47,4,68;
72,3,123;
18,3,33;
83,4,119;
14,4,21;
43,3,73;
47,4,65;
31,3,52;
41,4,59;
83,3,142;
2,3,2;
57,3,97;
29,4,40;
50,3,85;
36,4,52;
57,4,79;
75,4,105;
67,3,118;
66,3,116;
37,3,66;
29,3,52;
73,4,105;
64,3,109;
54,4,75;
48,3,85;
21,4,28;
2,4,1;
52,3,89;
8,3,15;
89,4,127;
38,4,52;
25,4,34;
43,4,62;
55,4,76;
67,3,115;
94,3,164;
42,3,74;
62,3,109;
87,3,152;
25,3,42;
59,3,101;
37,4,51;
50,3,88;
85,4,122;
96,3,165;
10,4,16;
19,4,25;
66,3,116;
42,3,74;
11,4,14;
62,3,109;
31,4,45;
49,3,83;
88,3,154;
32,4,47;
89,4,124;
58,4,81;
39,4,54;
31,4,45;
22,3,37;
66,3,113;
32,4,47;
34,4,50;
73,4,102;
83,4,116;
21,4,31;
77,4,110;
69,3,118;
54,4,75;
48,3,85;
92,3,161;
65,3,114;
11,3,21;
9,3,17;
37,3,63;
37,3,63;
81,4,113;
38,4,55;
32,3,57;
25,4,34;
48,4,66;
49,4,68;
19,3,31;
65,3,114;
56,3,98;
9,4,11;
44,4,64;
38,4,55;
45,4,62;
96,4,134;
20,3,36;
37,3,63;
36,4,49;
82,3,141;
67,3,118;
25,4,37;
43,4,59;
19,4,28;
31,4,42;
75,3,131;
53,3,93;
83,4,119;
12,3,22;
31,3,55;
64,3,109;
30,4,41;
92,4,129;
7,4,11;
63,3,108;
62,3,109;
50,4,72;
78,4,109;
54,4,78;
76,4,106;
68,4,98;
19,4,28;
62,3,106;
68,3,119;
56,4,78;
75,4,108;
20,3,36;
59,3,104;
62,3,106;
5,3,7;
81,4,113;
9,3,17;
60,3,105;
86,3,150;
11,3,21;
2,4,1;
25,4,37;
27,4,37;
50,4,69;
39,3,69;
86,4,120;
54,3,92;
75,4,105;
29,3,52;
97,4,139;
10,3,19;
34,4,50;
52,4,72;
21,4,28;
46,4,64;
11,3,18;
80,4,115;
80,3,140;
11,4,14;
75,4,108;
91,4,127;
14,3,26;
31,4,45;
4,4,7;
27,4,40;
8,3,15;
78,4,112;
88,4,126;
6,3,12;
5,4,9;
91,3,159;
35,4,48;
39,3,69;
70,3,123;
90,3,154;
66,4,92;
62,3,106;
86,4,123;
70,4,97;
90,3,157;
70,3,123;
66,4,95;
95,4,136;
10,3,16;
70,4,97;
79,3,138;
66,3,113;
69,4,99;
34,3,60;
6,4,10;
12,3,19;
10,3,19;
33,4,45;
12,4,18;
19,4,25;
4,3,5;
40,4,58;
71,3,121;
33,4,48;
65,4,93;
75,3,131;
78,3,134;
71,3,121;
85,3,146;
80,4,115;
15,4,20;
84,4,120;
94,4,134;
22,4,30;
59,3,104;
72,4,100;
54,4,75;
36,4,52;
15,4,23;
79,4,113;
32,3,54;
97,4,136;
91,4,130;
21,3,35;
53,3,90;
94,4,131;
10,4,16;
81,4,116;
89,3,156;
39,3,66;
34,4,47;
30,3,53;
57,3,97;
49,4,68;
93,4,130;
58,4,84;
97,4,136;
71,3,124;
66,3,113;
52,4,72;
43,3,76;
4,3,5;
13,4,17;
8,4,13;
27,3,48;
93,3,160;
62,4,86;
23,4,34;
76,3,133;
70,3,120;
84,3,144;
19,4,28;
76,3,133;
91,3,156;
19,4,28;
73,4,102;
9,3,17;
75,4,105;
45,4,62;
64,3,112;
19,3,34;
28,4,41;
96,3,168;
5,4,9;
46,3,81;
34,4,47;
65,4,93;
40,3,71;
77,4,107;
77,3,135;
19,4,25;
22,4,33;
4,3,5;
53,4,73;
53,3,90;
63,4,91;
92,3,161;
57,3,100;
8,3,12;
66,4,92;
16,3,26;
69,3,121;
40,3,68;
84,4,120;
90,3,157;
82,3,144;
37,4,51;
98,4,140;
72,4,100;
37,3,63;
20,4,30;
49,3,86;
2,4,4;
50,3,85;
19,3,34;
2,4,4;
99,4,139;
26,4,38;
36,3,64;
72,3,126;
95,3,163;
8,3,15;
74,4,103;
70,4,100;
39,3,66;
75,4,105;
84,4,117;
24,4,32;
100,4,143;
4,3,5;
22,3,40;
94,4,134;
95,3,163;
88,3,154;
12,3,22;
90,3,157;
45,3,76;
59,3,101;
31,3,52;
23,4,31;
85,4,122;
58,3,99;
16,3,29;
74,3,130;
34,4,47;
68,3,116;
43,3,76;
65,3,114;
80,4,112;
60,3,102;
54,4,75;
73,3,125;
100,4,143;
96,4,134;
13,3,21;
70,4,97;
87,4,125;
57,4,79;
65,4,90;
75,3,131;
8,4,10;
47,4,65;
66,3,116;
83,4,116;
29,4,40;
64,3,112;
73,4,102;
50,3,88;
27,4,37;
6,4,7;
47,4,68;
97,4,139;
61,3,104;
72,4,100;
2,4,4;
100,4,143;
61,3,107;
25,4,37;
45,4,65;
84,4,117;
17,3,31;
7,4,8;
84,3,147;
18,4,27;
36,4,52;
76,3,133;
4,4,7;
59,4,85;
18,3,33;
7,3,14;
37,3,63;
30,3,50;
13,3,21;
55,4,76;
75,4,108;
80,4,115;
64,3,109;
12,3,19;
52,4,72;
43,3,73;
18,3,30;
30,4,41;
41,3,70;
62,3,109;
4,4,4;
75,3,131;
13,3,21;
24,3,43;
19,4,28;
55,4,79;
30,4,41;
53,3,90;
16,3,29;
70,4,100;
55,4,79;
58,3,102;
82,3,144;
13,4,17;
81,4,116;
98,3,168;
31,4,45;
50,3,85;
48,4,69;
72,3,123;
41,3,70;
51,4,74;
76,3,130;
66,3,113;
22,3,37;
54,3,95;
6,3,9;
6,3,12;
56,4,81;
14,4,21;
20,4,30;
36,3,64;
54,4,75;
93,3,163;
38,4,55;
28,3,47;
55,3,97;
69,4,96;
7,3,11;
45,3,79;
73,4,102;
62,4,86;
83,4,119;
51,3,87;
19,3,34;
83,4,119;
40,4,55;
54,4,78;
79,3,135;
77,3,132;
87,3,152;
62,3,109;
1,4,3;
51,3,87;
70,3,123;
36,4,52;
48,4,66;
28,4,41;
87,4,125;
34,3,60;
21,4,28;
10,4,16;
10,4,13;
33,4,45;
55,4,76;
35,4,48;
25,4,34;
89,3,156;
70,3,123;
66,3,113;
61,3,104;
26,4,35;
86,3,150;
1,3,0;
61,4,88;
76,3,133;
86,3,147;
47,3,80;
94,3,164;
53,4,76;
89,3,156;
93,4,133;
98,3,168;
44,4,64;
15,3,27;
8,3,15;
63,3,111;
89,4,124;
67,3,115;
54,4,78;
62,4,89;
36,3,64;
12,4,18;
28,3,47;
57,3,97;
11,3,21;
24,4,35;
63,3,108;
20,3,33;
59,4,85;
58,4,84;
61,4,88;
5,3,7;
34,3,57;
73,4,102;
43,3,76;
21,3,38;
72,4,100;
95,3,166;
74,3,127;
22,3,40;
83,3,142;
45,3,76;
88,4,123;
76,4,109;
44,4,61;
32,4,44;
23,4,31;
78,4,112;
53,3,90;
72,4,100;
98,4,140;
19,3,34;
81,4,113;
81,3,139;
29,3,52;
57,3,97;
90,3,154;
45,3,79;
72,3,123;
21,4,31;
76,3,130;
91,4,130;
46,4,64;
91,3,159;
32,4,44;
21,3,38;
76,4,109;
76,3,130;
24,4,32;
30,3,50;
80,4,115;
7,3,11;
74,3,130;
61,3,107;
8,3,15;
60,4,83;
9,4,14;
96,4,134;
15,4,23;
89,3,156;
66,3,113;
17,4,26;
75,4,108;
91,3,159;
72,3,126;
88,4,126;
95,4,133;
57,3,97;
29,4,43;
10,3,16;
81,3,139;
95,4,133;
49,4,68;
4,4,4;
21,4,28;
45,3,79;
10,3,19;
53,3,93;
83,3,142;
82,4,117;
75,3,128;
31,3,52;
40,4,58;
93,3,160;
95,4,136;
55,4,76;
93,3,163;
85,4,119;
74,4,106;
69,4,99;
98,4,140;
62,3,106;
55,3,97;
43,3,73;
11,3,21;
55,4,79;
25,3,42;
95,4,136;
66,3,113;
68,4,95;
70,4,97;
34,4,47;
76,4,106;
58,4,84;
93,3,163;
15,4,23;
78,4,109;
90,4,129;
13,4,20;
98,4,140;
58,3,99;
28,3,47;
80,3,137;
16,3,26;
40,3,68;
29,3,49;
26,3,47;
80,3,137;
13,3,21;
83,3,142;
95,4,136;
24,3,40;
12,3,19;
46,4,64;
64,4,92;
44,3,75;
57,4,82;
38,4,52;
25,3,42;
96,4,134;
8,4,13;
28,4,38;
90,4,129;
14,4,21;
64,3,112;
19,3,31;
98,3,171;
49,3,83;
95,3,166;
92,3,158;
19,3,31;
85,3,149;
42,3,74;
42,3,74;
11,3,18;
61,4,88;
29,4,40;
68,4,98;
62,3,106;
19,4,25;
93,4,133;
45,3,76;
91,3,156;
79,3,135;
88,4,123;
97,3,167;
71,4,102;
18,4,27;
62,4,86;
1,3,0;
66,4,95;
79,3,138;
17,4,26;
67,3,115;
48,4,66;
82,3,141;
34,3,57;
89,3,153;
80,4,115;
24,3,40;
83,3,142;
65,4,90;
77,4,110;
58,3,102;
37,4,51;
91,4,130;
64,3,109;
77,4,107;
58,4,81;
4,4,4;
23,4,31;
3,4,3;
37,4,51;
76,3,130;
36,4,52;
50,4,69;
37,3,63;
22,3,37;
74,3,127;
100,3,175;
78,3,137;
34,3,57;
89,4,127;
83,3,145;
76,4,106;
1,4,0;
73,4,105;
33,3,59;
69,3,118;
81,3,142;
59,4,85;
1,4,3;
61,3,104;
98,3,171;
24,3,40;
18,3,30;
28,4,41;
30,4,41;
14,4,21;
1,3,3;
55,3,94;
42,3,74;
12,3,22;
45,4,62;
51,3,90;
5,3,7;
74,3,130;
61,4,85;
14,4,18;
77,3,135;
25,4,34;
8,3,12;
15,4,23;
21,3,35;
82,4,117;
26,3,44;
53,4,73;
95,3,166;
80,3,140;
49,4,68;
5,4,9;
38,4,55;
3,4,6;
94,3,164;
83,3,142;
83,3,142;
25,4,34;
61,3,104;
16,4,24;
24,3,43;
98,3,171;
36,4,49;
84,4,120;
51,4,74;
19,3,34;
12,3,19;
70,4,100;
86,3,147;
46,3,81;
11,3,21;
49,4,71;
84,3,144;
72,3,123;
75,3,131;
9,3,14;
13,4,17;
58,4,84;
61,3,107;
35,3,59;
14,3,26;
59,4,82;
71,3,121;
23,3,41;
97,4,139;
36,4,52;
80,4,112;
77,4,107;
48,3,85;
73,3,125;
84,3,144;
81,4,116;
67,4,93;
14,3,26;
20,4,30;
1,3,0;
54,4,75;
33,4,48;
92,3,158;
69,4,99;
5,3,10;
20,3,33;
82,4,117;
10,4,16;
73,4,102;
80,3,137;
97,3,167;
53,4,76;
67,4,96;
47,4,65;
98,3,168;
5,3,7;
56,3,98;
21,4,31;
85,3,149;
81,4,116;
99,4,139;
17,4,26;
30,4,41;
53,4,73;
93,4,130;
60,3,105;
74,4,106;
98,4,137;
90,4,129;
48,3,82;
7,4,8;
6,4,7;
43,4,62;
43,3,73;
62,4,86;
65,3,114;
18,4,27;
85,3,149;
31,4,45;
23,4,34;
35,4,51;
3,4,3;
97,4,139;
52,4,72;
48,3,85;
3,4,6;
10,3,19;
44,3,78;
45,3,79;
100,4,143;
88,3,151;
28,4,41;
72,4,103;
81,4,113;
97,3,167;
2,3,2;
97,4,139;
69,4,99;
49,3,86;
42,4,58;
89,3,153;
42,3,71;
75,4,105;
2,3,5;
62,4,89;
8,4,13;
35,4,51;
3,4,6;
81,3,142;
55,3,97;
41,3,70;
37,3,66;
30,4,41;
12,3,19;
54,3,95;
90,4,126;
44,4,64;
89,3,156;
37,3,66;
65,4,90;
90,3,154;
6,3,12;
75,3,128;
88,3,154;
62,4,86;
69,3,121;
50,3,88;
23,3,38;
74,3,130;
87,3,149;
76,3,130;
59,4,82;
76,3,133;
97,3,170;
49,4,71;
52,4,72;
99,4,142;
88,3,151;
34,4,50;
5,3,7;
79,3,138;
30,3,50;
97,3,170;
11,3,21;
74,3,127;
29,4,40;
73,4,102;
39,3,69;
72,3,123;
27,4,37;
97,4,139;
25,3,42;
58,3,102;
52,3,92;
84,3,144;
34,4,47;
92,4,132;
55,4,79;
84,3,147;
95,4,136;
63,3,108;
47,4,65;
87,3,152;
52,3,92;
10,4,13;
3,4,6;
56,3,95;
90,4,129;
62,3,109;
5,3,10;
27,4,40;
22,4,30;
45,4,62;
55,4,79;
26,4,38;
38,3,67;
44,3,78;
100,4,140;
49,3,86;
60,3,102;
83,4,116;
58,3,99;
96,3,168;
83,3,142;
27,3,45;
10,4,16;
86,4,120;
28,4,41;
93,4,130;
39,3,69;
49,3,83;
3,4,3;
56,4,78;
26,3,44;
79,4,113;
68,3,116;
32,3,54;
41,3,73;
74,4,103;
50,3,85;
86,4,120;
19,3,31;
67,4,96;
25,3,45;
82,4,114;
42,4,58;
35,3,62;
85,4,122;
4,3,8;
91,3,159;
45,3,79;
17,3,31;
41,4,59;
52,3,89;
10,3,19;
17,4,26;
80,3,137;
20,3,36;
45,3,79;
83,3,145;
61,3,107;
13,4,17;
90,3,154;
97,3,167;
75,4,108;
5,3,7;
49,3,83;
100,3,172;
12,4,18;
66,4,95;
37,3,63;
99,3,170;
56,3,95;
38,3,64;
94,4,134;
16,3,26;
16,3,29;
49,3,86;
79,3,138;
98,4,137;
57,4,82;
80,4,115;
45,3,76;
99,4,139;
74,4,106;
54,4,78;
66,3,116;
60,4,83;
15,3,24;
19,3,31;
60,3,105;
74,4,103;
2,3,2;
88,3,154;
40,4,55;
49,4,71;
67,3,115;
39,4,57;
75,3,131;
61,4,85;
21,4,28;
62,4,89;
81,4,116;
59,3,101;
4,4,4;
11,3,18;
42,3,74;
100,3,172;
76,4,106;
92,3,161;
29,4,40;
52,3,92;
14,3,23;
99,4,139;
95,4,133;
64,4,92;
81,4,116;
41,4,56;
59,3,104;
61,4,88;
67,3,115;
47,3,80;
45,3,79;
80,3,137;
57,3,97;
38,4,55;
22,3,40;
70,4,100;
8,3,15;
49,3,83;
72,3,123;
59,4,82;
75,4,108;
63,4,91;
45,4,65;
34,4,50;
3,4,3;
29,3,52;
34,4,50;
66,4,92;
88,3,154;
66,4,92;
53,3,93;
20,3,33;
68,4,95;
4,4,4;
69,3,121;
48,3,82;
29,4,43;
17,3,31;
99,3,173;
35,3,62;
22,3,37;
23,4,31;
65,4,90;
60,4,83;
82,4,114;
71,4,102;
40,4,55;
89,4,127;
32,4,47;
77,4,110;
48,4,69;
71,4,102;
16,3,26;
16,4,24;
14,4,18;
32,4,44;
63,4,91;
46,3,81;
73,3,125;
29,3,52;
16,3,26;
4,4,4;
99,3,173;
27,3,48;
71,4,99;
87,4,125;
84,4,117;
76,3,130;
44,4,64;
49,3,86;
2,3,2;
50,4,69;
3,4,6;
53,4,76;
49,3,86;
61,4,88;
78,4,109;
77,4,107;
44,4,64;
69,4,99;
92,3,158;
99,3,173;
97,4,139;
62,3,109;
10,4,13;
77,4,110;
20,4,30;
66,3,113;
92,3,158;
65,3,114;
23,4,34;
49,4,71;
11,4,14;
6,3,9;
49,4,68;
94,3,164;
25,3,42;
94,3,161;
82,4,117;
2,4,4;
26,3,47;
63,3,111;
14,4,21;
83,4,116;
70,4,97;
75,3,131;
11,4,17;
30,4,41;
48,3,85;
75,4,108;
6,3,9;
10,3,19;
38,3,64;
51,4,71;
42,3,71;
38,3,67;
58,3,102;
23,3,41;
43,3,73;
77,4,107;
66,3,116;
38,4,55;
32,4,44;
88,3,151;
80,3,140;
51,3,87;
39,4,54;
51,3,90;
26,4,38;
37,3,63;
40,4,55;
66,4,92;
13,3,21;
44,4,64;
1,4,3;
78,4,109;
90,3,157;
96,3,165;
6,3,12;
35,3,62;
40,4,58;
50,4,69;
63,4,91;
79,4,113;
33,4,48;
40,3,68;
90,3,154;
86,3,150;
78,4,112;
64,3,112;
19,4,25;
72,4,100;
73,3,128;
94,3,161;
57,3,100;
24,4,35;
5,3,7;
76,4,106;
53,4,76;
18,3,30;
55,3,94;
6,4,7;
93,4,130;
91,4,127;
27,4,37;
13,3,21;
22,3,40;
79,4,110;
5,4,6;
28,3,50;
65,3,114;
17,4,23;
75,3,131;
93,4,130;
52,3,92;
66,4,95;
32,3,57;
12,3,22;
24,3,40;
60,3,102;
28,3,50;
44,3,75;
21,3,38;
18,4,27;
87,4,125;
81,3,142;
95,3,166;
85,4,122;
23,4,31;
61,4,85;
76,4,106;
33,3,59;
58,4,81;
90,4,129;
91,3,159;
49,3,86;
95,4,136;
95,3,166;
24,4,32;
66,4,95;
51,4,74;
95,3,163;
28,3,50;
59,4,82;
59,3,104;
55,4,79;
75,4,105;
93,3,160;
15,3,24;
87,3,149;
96,3,168;
14,4,18;
23,4,34;
81,4,113;
4,4,7;
30,3,53;
70,4,100;
88,4,123;
47,3,80;
68,4,95;
74,4,103;
43,3,76;
32,3,54;
8,4,13;
11,4,17;
56,4,78;
29,3,49;
89,3,153;
72,3,126;
41,3,73;
92,4,129;
12,3,19;
28,4,41;
91,4,127;
94,4,131;
54,3,92;
95,4,133;
64,4,89;
17,4,26;
6,3,9;
30,4,41;
87,4,122;
81,4,116;
72,4,100;
59,3,104;
54,4,78;
1,4,0;
5,3,10;
12,4,18;
22,3,40;
58,3,99;
16,4,24;
13,3,21;
63,3,111;
9,4,11;
41,4,59;
10,3,19;
69,4,96;
26,4,38;
3,3,7;
60,4,83;
65,3,111;
38,3,67;
78,4,112;
8,4,13;
53,3,93;
15,3,24;
15,3,24;
34,3,60;
38,3,64;
64,3,109;
61,3,107;
74,3,130;
56,3,98;
26,4,38;
1,3,3;
7,4,8;
23,3,38;
63,3,108;
72,3,126;
90,3,157;
42,4,61;
57,3,100;
33,3,59;
14,4,18;
64,4,89;
13,4,17;
51,3,90;
5,3,10;
27,3,48;
66,4,92;
84,3,147;
9,3,14;
90,3,154;
31,3,55;
79,4,110;
37,3,66;
67,4,93;
100,4,140;
36,4,52;
9,4,14;
80,3,140;
40,4,55;
67,4,96;
65,3,111;
11,4,17;
25,4,37;
95,3,166;
100,4,140;
14,3,23;
34,3,57;
44,3,75;
68,3,116;
18,3,30;
35,4,51;
53,3,90;
11,3,21;
12,3,19;
42,3,74;
49,3,86;
33,4,45;
69,3,121;
58,4,84;
75,3,131;
51,4,74;
54,4,78;
56,3,95;
9,4,14;
6,4,10;
38,4,55;
76,4,109;
40,4,58;
32,3,54;
63,3,108;
94,4,131;
53,3,93;
23,3,38;
19,4,25;
70,3,120;
52,3,92;
21,3,35;
75,3,131;
96,3,165;
75,3,131;
85,4,122;
18,4,24;
50,4,72;
58,4,81;
15,3,27;
40,3,68;
92,4,129;
26,3,44;
62,4,89;
22,3,40;
84,4,117;
59,4,85;
80,3,140;
55,3,94;
52,3,92;
5,3,7;
98,3,168;
60,3,102;
91,3,156;
80,4,112;
32,4,44;
9,4,14;
50,4,69;
26,3,44;
55,3,94;
96,4,137;
68,4,95;
94,4,131;
12,3,22;
24,4,35;
50,4,69;
11,4,17;
12,4,18;
41,4,59;
20,3,33;
22,4,30;
64,3,112;
72,4,100;
40,4,58;
97,3,170;
1,3,0;
48,4,69;
23,4,31;
4,3,8;
90,3,154;
54,3,95;
4,4,4;
20,3,33;
91,4,127;
97,4,136;
72,4,100;
40,3,71;
16,3,29;
38,4,52;
31,4,42;
56,3,95;
98,4,137;
51,4,71;
31,3,52;
16,4,21;
71,4,99;
31,4,45;
83,4,119;
75,4,105;
58,3,102;
58,4,81;
63,3,108;
4,4,7;
22,4,30;
40,3,71;
62,4,89;
97,3,170;
90,4,126;
41,3,73;
97,3,167;
62,3,109;
17,3,28;
66,4,92;
4,3,5;
87,3,149;
49,3,86;
31,3,55;
87,3,152;
17,4,23;
74,4,103;
64,4,92;
38,4,55;
95,3,163;
66,3,116;
93,3,160;
47,3,80;
17,4,26;
90,3,154;
11,3,18;
30,3,50;
5,3,10;
60,3,102;
52,4,75;
82,3,144;
8,3,12;
91,3,156;
97,4,136;
98,4,137;
34,3,57;
66,3,113;
100,4,143;
30,3,50;
16,3,26;
43,4,62;
43,4,59;
9,3,17;
94,3,161;
62,4,89;
41,3,73;
3,3,7;
19,4,28;
63,3,108;
99,4,139;
15,3,24;
17,4,23;
11,4,14;
91,3,156;
40,4,58;
6,3,9;
93,3,163;
67,4,93;
88,3,154;
33,3,59;
50,4,69;
97,3,170;
20,3,33;
55,4,79;
16,4,24;
74,3,130;
15,3,24;
58,3,99;
50,4,72;
55,4,79;
67,3,118;
68,4,95;
88,3,154;
61,4,88;
53,4,73;
3,4,6;
6,3,9;
96,3,168;
10,3,19;
17,3,28;
85,3,149;
50,3,85;
77,4,107;
87,4,125;
22,3,37;
51,4,71;
30,4,44;
62,4,89;
84,3,147;
54,4,75;
10,3,16;
62,4,86;
79,3,135;
8,4,13;
29,3,52;
12,3,22;
52,4,72;
39,4,54;
35,4,48;
100,3,175;
92,3,158;
23,4,34;
40,3,68;
50,4,69;
16,3,26;
94,3,164;
88,3,154;
97,4,136;
64,3,112;
97,4,136;
6,4,10;
34,3,57;
14,3,26;
14,3,26;
85,3,146;
85,4,122;
79,4,113;
86,4,123;
20,4,30;
89,3,153;
30,3,50;
28,3,50;
65,4,93;
18,3,30;
89,3,153;
84,3,144;
15,4,23;
19,3,31;
62,4,89;
44,4,64;
84,3,147;
37,3,66;
81,3,139;
94,4,131;
62,3,109;
64,4,89;
94,3,161;
21,4,31;
57,4,79;
47,3,83;
25,3,42;
83,4,119;
82,4,117;
72,4,100;
42,4,61;
10,4,16;
26,4,35;
31,3,52;
40,4,58;
66,4,92;
4,4,4;
35,4,51;
71,4,99;
7,3,11;
48,3,82;
28,3,50;
21,4,28;
69,4,99;
1,4,3;
93,4,130;
5,4,9;
18,4,27;
63,4,88;
63,4,91;
28,4,41;
78,3,137;
45,3,76;
96,4,137;
19,3,34;
25,3,45;
26,4,38;
60,3,102;
74,4,106;
62,4,89;
3,4,3;
76,3,130;
52,3,92;
46,3,81;
84,3,147;
39,4,57;
59,3,101;
77,4,110;
44,4,64;
50,3,85;
73,4,105;
14,3,23;
26,4,35;
11,4,17;
65,3,111;
3,3,4;
98,4,137;
22,3,40;
99,3,173;
47,3,83;
84,4,120;
57,3,100;
87,4,122;
83,3,142;
40,4,58;
63,4,91;
32,4,47;
26,4,38;
23,4,31;
20,4,27;
67,4,96;
22,3,37;
92,4,132;
66,3,116;
78,3,137;
75,3,131;
61,4,85;
65,3,114;
79,4,113;
51,4,71;
86,3,150;
48,4,66;
46,3,81;
96,3,168;
50,3,85;
89,3,153;
46,3,81;
23,4,34;
55,4,76;
20,4,30;
20,4,30;
87,4,125;
50,3,85;
89,4,127;
37,4,54;
8,4,10;
66,3,116;
14,3,23;
52,4,75;
77,3,132;
71,3,121;
51,4,74;
32,3,54;
77,4,107;
38,3,67;
7,3,11;
15,4,20;
15,4,23;
59,4,82;
88,3,154;
42,3,74;
87,3,149;
88,3,154;
34,4,47;
63,4,88;
94,4,131;
68,3,116;
13,4,20;
26,3,44;
24,4,32;
96,4,134;
70,3,123;
80,4,115;
16,3,26;
7,3,14;
36,4,49;
1,4,0;
87,3,149;
41,4,59;
93,3,163;
33,4,45;
18,4,24;
25,3,45;
86,4,120;
10,3,19;
76,3,130;
75,4,108;
7,3,11;
42,3,74;
39,3,69;
56,3,98;
77,4,107;
8,4,10;
40,3,68;
12,4,18;
6,3,12;
64,4,89;
29,3,49;
58,4,84;
65,3,114;
7,3,11;
49,4,68;
34,3,60;
72,4,103;
40,3,68;
48,4,69;
79,3,135;
58,3,102;
83,4,116;
20,4,30;
13,4,20;
15,3,27;
93,3,163;
22,4,30;
100,3,172;
8,4,10;
94,4,131;
35,3,62;
96,3,165;
2,3,5;
58,3,99;
12,3,22;
4,3,5;
53,3,93;
22,3,37;
89,4,124;
67,4,93;
88,3,151;
27,3,48;
73,4,102;
16,4,24;
84,4,117;
31,4,42;
73,3,125;
81,4,116;
99,4,142;
76,3,133;
27,4,40;
64,4,92;
5,4,6;
67,4,93;
17,3,31;
36,4,52;
9,4,14;
53,4,73;
76,4,106;
55,4,79;
29,4,43;
94,3,161;
6,4,7;
68,4,98;
51,3,90;
58,4,84;
91,3,156;
36,4,49;
23,3,38;
20,3,33;
4,4,4;
18,4,24;
95,3,166;
10,3,19;
99,3,173;
66,3,116;
98,4,140;
81,3,142;
89,4,124;
64,3,109;
14,3,23;
32,3,54;
46,4,64;
41,4,59;
56,3,95;
59,3,101;
16,3,29;
55,4,76;
20,4,30;
93,4,133;
5,3,10;
35,4,51;
86,3,147;
58,4,81;
20,4,30;
2,4,1;
33,4,48;
2,4,4;
43,3,76;
64,4,89;
89,3,156;
23,3,38;
89,3,156;
88,4,126;
52,4,72;
3,3,4;
14,4,21;
6,4,10;
90,4,126;
38,4,55;
83,3,142;
36,4,52;
67,4,93;
25,3,42;
97,3,170;
87,4,125;
79,4,110;
98,3,171;
43,4,59;
5,4,6;
49,3,86;
48,3,82;
13,4,20;
70,4,100;
45,3,79;
95,3,163;
42,3,74;
93,4,133;
16,4,21;
63,4,88;
75,4,105;
88,4,123;
74,4,103;
7,3,14;
1,3,0;
84,3,147;
89,4,124;
76,4,109;
82,3,141;
79,4,110;
80,3,140;
5,3,7;
77,4,107;
44,3,75;
77,4,110;
19,3,34;
48,4,66;
10,3,19;
11,3,18;
33,4,45;
69,3,121;
20,3,33;
10,3,19;
31,3,52;
51,4,74;
15,3,27;
1,3,0;
43,4,59;
89,3,156;
80,4,112;
75,4,105;
93,4,133;
43,3,73;
7,3,11;
37,4,54;
37,3,66;
19,3,31;
71,4,99;
55,3,97;
17,4,26;
47,4,68;
18,3,33;
45,4,62;
99,4,139;
20,3,33;
70,4,97;
77,3,135;
49,3,83;
97,4,136;
9,3,17;
65,3,114;
54,3,95;
94,4,131;
60,4,86;
58,3,99;
58,3,102;
88,3,151;
48,3,82;
44,4,64;
3,4,3;
53,4,76;
23,3,41;
15,3,27;
77,3,132;
55,4,76;
11,4,17;
77,3,132;
74,4,106;
28,4,41;
49,4,71;
11,4,17;
9,4,11;
81,4,116;
77,4,110;
4,4,7;
33,3,59;
18,3,30;
26,3,47;
100,4,143;
68,3,116;
60,3,102;
73,4,102;
91,4,127;
5,3,10;
59,4,85;
68,4,95;
44,3,75;
64,3,109;
55,4,79;
15,4,20;
43,3,76;
67,3,118;
30,4,44;
25,3,45;
14,3,26;
51,3,90;
87,3,149;
4,3,8;
96,4,137;
79,3,135;
20,4,30;
83,3,142;
17,3,28;
20,4,27;
67,3,118;
76,4,109;
75,3,128;
38,3,67;
19,4,28;
40,4,58;
41,3,70;
65,3,111;
12,4,18;
86,4,123;
45,4,65;
70,4,97;
47,3,83;
20,3,36;
62,3,109;
59,3,101;
28,3,47;
63,3,108;
28,4,38;
88,3,154;
66,3,113;
45,4,62;
84,4,117;
83,3,145;
75,4,105;
97,3,170;
18,3,33;
29,4,40;
53,4,73;
9,4,11;
93,3,163;
27,4,37;
47,3,80;
89,4,127;
21,3,35;
72,4,103;
40,4,55;
91,4,130;
53,3,90;
12,3,22;
71,3,121;
67,3,115;
95,3,163;
32,4,47;
33,4,45;
52,4,75;
74,3,130;
33,4,45;
37,3,63;
45,4,65;
85,3,146;
81,3,142;
10,3,19;
50,4,69;
90,3,154;
13,4,20;
34,3,57;
18,3,33;
15,3,27;
94,3,164;
46,4,67;
51,4,74;
60,3,105;
78,3,134;
59,4,85;
56,3,98;
32,4,47;
47,3,83;
88,4,126;
17,4,23;
95,4,133;
68,3,119;
65,3,114;
65,4,93;
32,3,54;
76,4,106;
5,3,7;
45,4,62;
44,3,75;
3,3,4;
21,4,28;
30,4,44;
31,3,52;
79,3,135;
2,3,2;
38,4,52;
14,4,21;
82,3,144;
87,3,152;
18,4,24;
88,3,154;
80,4,112;
20,3,36;
33,4,48;
94,4,134;
89,4,127;
36,4,52;
85,4,122;
74,3,127;
80,3,140;
74,3,130;
17,4,26;
29,3,49;
61,3,107;
80,3,140;
39,4,54;
39,4,54;
60,3,102;
20,3,33;
27,4,40;
78,3,137;
42,4,61;
2,3,2;
39,3,66;
71,3,121;
72,4,100;
83,3,145;
48,4,69;
26,3,47;
50,3,88;
56,4,78;
20,3,36;
54,4,75;
35,3,62;
50,3,88;
86,3,150;
30,3,50;
65,4,93;
54,4,78;
15,4,23;
1,3,3;
48,4,66;
6,4,7;
11,4,14;
88,4,126;
41,4,59;
8,3,12;
26,3,47;
91,3,159;
44,4,61;
78,4,109;
76,3,133;
32,4,47;
81,3,142;
15,3,24;
31,3,55;
75,4,105;
60,3,105;
21,4,31;
31,3,52;
99,4,139;
39,4,54;
47,4,68;
14,3,26;
24,4,35;
88,4,126;
20,3,36;
63,3,108;
21,4,28;
44,3,78;
52,4,72;
25,3,45;
53,3,90;
50,4,69;
83,4,116;
37,3,63;
20,4,30;
33,4,48;
79,4,113;
33,4,48;
50,3,88;
55,4,79;
51,3,87;
41,3,70;
16,3,29;
49,4,68;
48,3,82;
50,4,69;
94,3,164;
50,4,72;
26,3,47;
72,4,103;
9,4,11;
99,4,142;
37,3,63;
31,4,42;
21,3,38;
85,4,122;
31,3,52;
34,4,50;
16,3,26;
98,4,140;
75,3,131;
95,4,136;
10,4,16;
48,4,69;
25,3,45;
52,3,89;
92,3,161;
27,3,48;
3,4,6;
57,4,79;
84,4,117;
85,4,122;
69,4,96;
4,4,7;
36,3,61;
34,4,47;
41,4,59;
37,4,51;
78,4,112;
73,3,128;
85,4,119;
13,4,17;
84,4,117;
29,3,52;
28,3,47;
1,4,0;
11,4,14;
70,4,97;
13,3,24;
88,3,154;
72,3,126;
24,3,40;
69,3,121;
15,3,27;
92,4,132;
70,4,100;
11,3,21;
45,4,62;
1,3,0;
49,3,86;
42,3,74;
97,3,167;
71,4,99;
44,4,64;
39,4,57;
97,3,167;
38,3,64;
15,3,27;
54,3,92;
10,3,19;
85,3,149;
3,3,7;
35,4,48;
95,4,133;
49,3,83;
87,3,149;
4,4,7;
34,3,60;
79,4,113;
5,3,10;
52,3,92;
68,4,95;
47,3,80;
66,3,116;
51,4,71;
36,3,64;
85,3,146;
71,3,121;
65,3,114;
66,3,113;
36,3,64;
23,4,34;
22,3,40;
32,3,54;
41,4,59;
57,3,100;
13,4,17;
8,4,13;
12,4,18;
64,4,89;
3,3,7;
79,3,135;
31,3,55;
7,3,14;
3,4,6;
49,3,83;
76,4,109;
43,4,62;
84,4,117;
76,3,133;
85,4,122;
100,4,140;
60,4,86;
12,3,19;
67,4,96;
78,3,137;
51,4,74;
87,4,122;
42,4,58;
31,3,52;
21,3,35;
38,3,64;
7,4,11;
68,3,119;
59,4,82;
12,4,15;
53,3,90;
45,3,79;
13,3,24;
83,4,116;
33,4,45;
8,4,13;
40,4,55;
73,4,105;
43,3,73;
82,4,114;
15,3,27;
80,4,115;
79,4,110;
70,3,120;
87,3,152;
56,3,98;
1,4,3;
10,4,13;
64,3,109;
23,3,38;
73,3,128;
47,4,68;
84,3,144;
80,4,112;
43,3,76;
61,3,104;
56,3,95;
16,3,26;
51,4,71;
40,4,58;
53,4,76;
87,4,122;
54,4,75;
18,4,27;
8,4,10;
59,3,104;
41,3,70;
90,4,129;
95,3,163;
93,3,160;
71,4,99;
54,3,95;
41,4,59;
12,4,15;
91,3,159;
66,3,116;
56,4,81;
56,3,95;
4,3,5;
61,4,85;
44,3,75;
93,3,160;
46,3,81;
49,4,68;
30,3,53;
49,4,71;
99,3,170;
90,3,157;
26,3,47;
25,3,45;
84,4,117;
33,4,45;
2,3,2;
88,4,123;
67,4,96;
28,4,41;
16,4,24;
63,4,88;
90,4,126;
39,3,66;
84,3,144;
30,3,53;
46,3,78;
52,4,72;
36,3,64;
97,3,170;
31,3,55;
75,4,105;
1,4,3;
2,3,5;
22,3,40;
62,3,106;
49,4,71;
37,3,66;
10,3,16;
62,3,106;
54,4,78;
93,3,160;
42,4,61;
9,3,17;
21,3,38;
47,4,68;
72,4,103;
11,3,18;
90,4,129;
61,3,104;
88,3,151;
67,4,96;
84,4,120;
60,4,86;
87,4,125;
97,3,170;
76,3,133;
25,3,42;
44,4,61;
44,3,78;
56,3,98;
67,3,115;
51,4,74;
4,4,4;
30,3,50;
12,4,18;
79,3,138;
77,4,107;
13,3,21;
41,3,70;
5,3,10;
41,3,73;
53,3,93;
19,3,34;
43,4,62;
32,3,54;
100,4,140;
38,3,67;
36,3,61;
42,4,58;
41,4,56;
90,3,157;
77,3,132;
13,3,21;
89,3,153;
19,3,31;
2,3,5;
71,4,99;
88,4,126;
14,4,18;
47,3,83;
62,4,89;
29,3,49;
78,4,109;
71,3,121;
13,4,17;
67,3,118;
81,3,142;
89,4,127;
43,4,59;
47,3,83;
82,4,114;
41,3,70;
10,4,16;
42,4,58;
63,3,111;
16,4,24;
72,3,123;
82,4,117;
92,4,129;
68,3,116;
42,4,58;
23,4,34;
28,3,47;
21,3,35;
64,3,109;
49,3,86;
15,4,23;
14,3,26;
96,3,165;
76,3,130;
76,4,109;
30,3,53;
34,4,47;
34,3,60;
96,3,165;
62,4,86;
57,3,100;
38,3,67;
25,4,34;
76,4,109;
19,4,28;
70,3,120;
23,3,41;
23,3,41;
59,4,85;
25,3,42;
27,3,48;
75,4,108;
7,3,14;
46,4,67;
38,4,55;
23,3,38;
79,3,138;
76,3,133;
87,4,125;
61,3,107;
20,4,27;
32,3,54;
8,4,13;
19,3,34;
25,3,42;
70,3,120;
72,4,100;
4,4,7;
19,4,28;
97,4,136;
77,4,107;
19,4,28;
60,3,105;
22,3,40;
3,4,6;
98,4,137;
57,4,79;
73,3,128;
6,3,9;
19,4,28;
98,4,140;
48,4,69;
50,3,88;
23,4,34;
49,4,71;
96,3,165;
30,4,44;
34,3,60;
37,4,54;
15,4,23;
52,3,92;
10,4,16;
15,3,27;
46,3,78;
11,3,21;
70,3,123;
24,3,43;
69,3,121;
99,4,139;
85,4,119;
60,3,105;
40,4,58;
88,4,123;
17,3,31;
68,3,116;
57,4,79;
65,3,114;
20,4,27;
98,3,168;
99,4,139;
34,4,50;
81,3,142;
51,3,87;
39,4,54;
11,4,14;
68,3,119;
22,3,40;
66,3,116;
57,3,100;
91,3,159;
16,4,24;
68,3,116;
2,4,1;
58,4,81;
43,4,62;
96,4,137;
74,4,106;
49,4,71;
18,4,24;
2,3,2;
71,3,124;
76,3,130;
58,4,84;
80,3,140;
6,3,9;
91,3,156;
57,4,82;
59,3,101;
6,3,12;
60,3,102;
40,3,68;
53,4,76;
23,3,38;
94,3,161;
61,4,88;
69,4,96;
32,3,57;
18,3,33;
14,4,21;
18,3,33;
81,4,113;
9,4,11;
51,4,74;
92,4,129;
90,4,126;
67,3,115;
47,3,80;
99,3,173;
71,3,124;
1,4,3;
3,4,6;
49,4,71;
73,3,128;
1,4,0;
37,4,54;
89,4,127;
40,4,58;
22,3,40;
32,3,54;
71,4,99;
10,3,19;
2,3,5;
59,4,82;
85,4,122;
67,3,115;
35,3,62;
64,4,89;
75,4,105;
61,4,85;
66,3,113;
68,3,119;
39,3,69;
78,4,109;
97,4,139;
31,4,45;
69,4,96;
14,3,23;
84,3,144;
24,4,35;
20,4,30;
31,3,55;
21,3,35;
33,4,48;
50,4,72;
37,3,63;
7,4,8;
42,3,74;
8,3,12;
11,3,18;
58,4,81;
82,4,117;
43,4,59;
65,3,111;
60,3,105;
70,3,123;
94,3,161;
4,3,8;
82,4,117;
82,4,114;
4,3,8;
98,3,171;
1,3,0;
35,4,48;
14,3,23;
68,3,119;
1,4,0;
81,4,116;
55,3,97;
65,4,90;
43,4,59;
99,3,170;
8,4,10;
13,4,17;
41,4,56;
39,4,54;
57,4,79;
95,4,136;
53,4,73;
95,4,136;
16,3,29;
20,4,30;
59,3,101;
35,4,51;
96,3,165;
91,4,127;
85,4,122;
25,4,37;
85,4,122;
59,4,85;
7,3,14;
39,3,69;
29,3,49;
19,4,28;
93,4,130;
75,4,108;
16,4,21;
36,4,49;
59,3,104;
84,3,144;
55,3,97;
44,4,64;
2,3,5;
35,4,48;
91,3,156;
90,3,154;
31,4,45;
87,4,125;
56,4,81;
92,3,158;
8,3,12;
26,4,38;
5,4,6;
8,4,13;
2,3,2;
63,4,88;
92,3,161;
41,4,56;
93,3,160;
85,4,119;
44,4,61;
85,4,122;
36,3,64;
56,3,95;
94,4,131;
8,3,15;
86,4,120;
61,3,104;
50,3,88;
59,4,82;
24,4,35;
36,4,52;
67,4,93;
84,4,120;
42,4,61;
75,4,108;
90,3,157;
95,4,133;
33,4,45;
65,3,111;
23,4,34;
5,3,7;
22,4,33;
75,4,105;
10,4,16;
45,4,65;
27,4,40;
64,3,109;
16,3,26;
68,3,119;
54,4,78;
93,4,133;
49,3,83;
22,3,40;
72,4,100;
13,3,24;
28,4,38;
45,4,62;
42,4,61;
85,3,146;
43,3,73;
79,4,110;
89,3,156;
17,3,31;
62,4,86;
30,3,53;
5,4,6;
24,3,43;
16,3,29;
21,4,31;
43,3,73;
100,3,172;
37,4,51;
5,4,6;
57,4,82;
83,4,119;
39,3,66;
54,4,78;
60,4,83;
39,3,69;
75,3,128;
41,4,56;
36,3,61;
24,3,40;
61,4,85;
77,4,107;
24,3,40;
33,3,59;
34,3,57;
60,4,83;
86,4,123;
82,3,141;
1,4,3;
60,3,105;
6,3,12;
69,3,121;
11,4,14;
83,4,116;
87,3,152;
30,4,44;
50,4,72;
68,3,116;
70,4,100;
21,4,28;
95,4,133;
4,4,4;
18,4,27;
3,4,3;
7,4,11;
2,4,4;
71,4,99;
51,3,87;
1,4,3;
26,4,38;
12,3,19;
2,3,2;
43,3,73;
20,3,33;
90,3,157;
64,3,112;
12,3,19;
81,4,113;
43,3,76;
16,4,24;
90,4,129;
83,4,116;
52,4,72;
34,3,60;
75,3,128;
67,4,93;
44,4,61;
42,4,61;
31,3,55;
2,3,5;
96,3,165;
26,4,38;
77,3,135;
69,4,99;
21,4,31;
72,3,123;
46,4,67;
91,4,127;
13,4,17;
36,4,52;
19,4,25;
72,3,126;
32,3,57;
42,3,74;
10,4,13;
20,3,33;
21,3,38;
42,3,71;
61,4,85;
15,4,23;
40,4,58;
94,4,134;
12,4,15;
78,3,137;
78,4,112;
29,4,43;
40,4,55;
43,3,73;
36,4,52;
62,4,86;
79,3,138;
40,3,71;
99,3,173;
64,3,112;
97,4,139;
68,3,119;
97,4,136;
56,3,98;
56,3,95;
64,3,109;
69,4,96;
6,3,12;
21,3,35;
40,3,71;
74,4,106;
54,4,75;
74,4,106;
41,3,70;
12,4,15;
17,3,31;
22,3,37;
51,4,74;
35,4,48;
96,3,165;
52,3,92;
58,3,99;
36,4,49;
56,4,81;
62,4,86;
61,4,88;
82,4,114;
97,4,139;
8,4,13;
26,4,38;
26,4,38;
86,3,147;
76,3,130;
42,3,71;
55,4,76;
69,3,118;
75,4,105;
71,4,99;
73,3,128;
8,3,12;
20,4,30;
96,4,137;
70,3,123;
77,3,132;
34,3,57;
72,3,126;
49,4,71;
13,3,24;
58,3,99;
78,4,109;
69,3,121;
83,3,142;
99,4,142;
36,3,61;
31,3,52;
58,4,81;
20,4,30;
88,3,154;
25,3,42;
39,4,57;
46,4,67;
3,4,3;
35,3,62;
53,3,90;
18,4,24;
23,3,41;
55,4,76;
92,3,158;
22,3,37;
95,3,163;
11,3,18;
59,3,101;
51,3,87;
74,4,106;
57,4,82;
32,3,54;
71,3,121;
9,3,17;
59,3,101;
50,3,85;
8,3,12;
1,4,3;
60,3,105;
34,3,57;
61,4,85;
33,4,45;
86,4,123;
63,3,108;
92,4,132;
85,4,122;
73,3,128;
64,3,112;
92,4,129;
15,3,24;
24,3,40;
71,3,124;
61,3,107;
44,3,78;
16,4,21;
38,3,67;
38,3,67;
88,4,123;
7,4,8;
95,3,163;
67,4,96;
2,3,2;
26,4,38;
72,4,103;
16,4,24;
57,3,100;
66,3,116;
84,3,144;
52,4,72;
61,4,88;
91,4,127;
42,4,58;
75,4,105;
31,3,55;
88,4,126;
85,3,146;
34,3,57;
93,3,160;
32,4,47;
19,4,25;
10,3,19;
3,4,3;
89,4,124;
43,4,59;
16,3,26;
60,3,105;
49,3,83;
46,4,64;
4,3,8;
99,3,170;
2,4,4;
3,4,3;
31,3,55;
92,4,129;
80,4,112;
13,4,17;
46,4,64;
82,4,114;
40,4,55;
44,3,75;
23,4,31;
58,4,81;
71,3,124;
95,3,166;
26,3,47;
66,4,92;
46,3,78;
42,3,71;
8,3,12;
83,4,119;
9,4,11;
2,4,1;
35,3,59;
42,3,74;
80,4,115;
78,3,134;
10,3,16;
3,4,3;
63,3,108;
26,3,44;
42,3,71;
59,4,82;
24,3,40;
68,4,98;
88,3,154;
58,3,102;
97,3,167;
72,4,103;
60,4,83;
79,4,113;
68,4,98;
27,4,40;
13,4,20;
1,4,3;
24,3,40;
53,3,93;
60,4,86;
35,3,62;
59,3,104;
62,3,106;
53,4,73;
3,4,6;
74,3,127;
95,3,163;
39,3,69;
32,4,44;
46,3,81;
95,4,136;
67,3,118;
52,4,75;
41,3,70;
84,3,144;
48,3,85;
22,3,40;
92,4,129;
80,4,112;
44,3,75;
84,3,147;
89,4,127;
50,3,85;
43,4,62;
74,4,106;
18,4,24;
67,3,115;
89,3,153;
38,3,67;
75,4,108;
47,3,80;
8,3,15;
31,3,52;
85,4,119;
76,4,106;
62,4,86;
67,3,118;
87,3,149;
97,3,167;
65,4,90;
71,4,99;
31,3,52;
52,3,89;
60,4,83;
57,4,79;
41,4,56;
70,3,123;
43,4,59;
96,3,168;
97,3,167;
43,4,62;
34,3,57;
38,3,67;
45,4,65;
14,4,21;
82,4,117;
59,4,85;
47,4,65;
73,4,102;
24,4,35;
83,3,145;
37,4,51;
16,3,29;
64,4,92;
63,4,91;
31,4,45;
51,3,90;
36,3,64;
78,4,112;
69,4,96;
56,4,78;
46,3,81;
100,4,140;
53,4,73;
27,3,45;
16,4,21;
10,4,13;
67,4,96;
9,3,14;
98,3,171;
53,3,90;
82,4,117;
59,4,85;
10,4,16;
11,4,17;
23,3,38;
5,3,10;
100,3,172;
88,3,151;
88,3,151;
40,3,71;
70,3,123;
45,3,76;
62,4,89;
6,4,7;
47,3,80;
76,4,106;
73,3,125;
9,4,11;
45,4,62;
51,3,87;
50,4,69;
34,3,57;
27,4,40;
57,4,79;
45,3,79;
7,4,8;
65,3,114;
78,4,112;
22,3,37;
33,3,56;
69,4,96;
88,4,126;
83,3,142;
78,3,137;
73,3,128;
91,4,130;
29,4,40;
86,4,123;
28,4,38;
22,3,37;
51,4,74;
15,4,20;
21,3,35;
30,3,50;
20,3,36;
45,4,62;
59,4,85;
90,4,129;
98,4,140;
25,3,42;
27,4,37;
34,3,57;
29,4,43;
19,3,31;
21,3,35;
26,3,44;
97,4,136;
53,4,73;
85,4,119;
18,4,24;
6,3,12;
55,4,76;
27,4,40;
10,4,13;
22,3,40;
89,4,127;
48,3,82;
28,3,47;
16,4,24;
21,4,28;
62,4,89;
24,3,43;
12,4,18;
50,4,69;
40,4,55;
23,4,31;
20,3,36;
89,4,124;
87,3,149;
18,4,24;
67,3,118;
93,3,163;
4,3,8;
88,3,151;
6,3,9;
40,4,55;
13,3,21;
74,3,127;
75,4,108;
97,3,167;
6,3,12;
69,3,118;
41,4,56;
61,3,107;
98,3,171;
90,3,157;
72,4,100;
28,4,41;
86,3,150;
86,3,147;
64,4,92;
92,4,132;
77,4,107;
82,3,144;
1,3,0;
11,4,14;
35,4,48;
71,4,99;
44,4,64;
81,4,113;
86,4,120;
66,3,113;
72,3,123;
35,3,62;
58,3,102;
51,3,87;
73,4,105;
38,3,64;
84,3,144;
73,4,102;
96,3,168;
24,4,32;
12,3,19;
63,4,91;
19,4,28;
46,4,64;
41,3,73;
36,4,49;
75,3,131;
96,3,168;
31,3,52;
46,4,64;
93,3,163;
5,4,9;
99,4,142;
47,3,83;
62,4,89;
47,4,68;
54,4,78;
44,4,61;
41,3,73;
50,4,72;
12,3,22;
55,4,76;
42,4,58;
59,4,85;
76,4,109;
54,3,95;
27,3,48;
5,4,6;
31,4,42;
45,4,65;
40,3,68;
94,4,134;
91,3,159;
99,4,142;
100,4,143;
89,3,153;
21,3,35;
10,4,13;
74,3,130;
81,4,116;
95,3,166;
33,4,45;
22,4,33;
84,4,117;
59,3,101;
74,4,106;
57,4,82;
65,4,93;
40,4,58;
29,3,52;
63,3,111;
81,4,116;
22,3,40;
37,4,51;
30,4,41;
56,3,98;
70,4,97;
87,3,149;
25,4,37;
96,4,137;
60,4,83;
64,4,89;
46,4,67;
73,3,125;
20,3,33;
95,4,136;
53,4,76;
34,4,47;
27,3,45;
99,4,139;
35,4,48;
87,4,125;
25,4,34;
73,3,125;
70,4,100;
65,3,111;
7,3,11;
86,4,123;
11,3,21;
42,3,74;
65,3,114;
51,3,90;
65,3,114;
4,3,8;
71,4,99;
5,4,6;
72,4,100;
85,3,146;
78,3,134;
64,4,92;
39,4,54;
73,3,125;
54,4,78;
25,4,37;
59,3,104;
27,4,40;
38,4,55;
72,4,103;
36,4,49;
94,4,131;
41,4,56;
95,4,136;
40,4,55;
10,4,13;
3,3,4;
74,4,106;
68,4,98;
21,3,35;
88,4,126;
56,3,95;
10,3,19;
73,3,125;
79,4,110;
72,3,123;
91,3,156;
19,4,28;
12,3,19;
67,4,93;
53,3,93;
87,4,125;
76,4,109;
45,4,62;
99,4,142;
63,4,91;
50,4,69;
19,4,25;
16,4,24;
90,4,126;
74,4,106;
24,3,43;
26,4,38;
42,4,58;
55,3,94;
63,3,111;
59,3,104;
93,4,133;
60,3,105;
77,4,110;
99,3,170;
88,3,151;
60,4,83;
1,3,0;
5,3,10;
59,4,85;
71,4,99;
61,3,104;
8,4,13;
3,3,4;
74,4,103;
20,3,36;
66,3,116;
71,4,99;
29,3,52;
65,3,111;
31,3,52;
6,4,10;
91,3,159;
43,4,62;
31,4,42;
23,3,38;
81,4,116;
89,4,124;
9,4,11;
3,4,3;
86,4,123;
20,4,30;
19,4,25;
6,3,9;
57,3,100;
86,4,123;
34,3,60;
23,3,41;
42,3,71;
72,3,126;
67,3,115;
80,3,137;
98,3,168;
50,4,72;
46,4,67;
62,4,86;
11,4,17;
4,4,7;
44,3,75;
89,4,124;
53,3,90;
37,4,54;
99,3,173;
50,4,69;
63,3,108;
72,3,123;
48,3,82;
41,3,70;
49,4,68;
80,3,137;
78,4,112;
54,3,95;
89,4,124;
16,3,29;
4,4,4;
29,3,49;
26,4,38;
52,4,72;
21,4,31;
96,4,137;
21,4,28;
71,3,124;
98,4,137;
43,4,62;
72,4,100;
55,3,97;
41,3,73;
36,3,64;
10,4,13;
35,4,51;
75,4,108;
61,3,104;
15,3,24;
56,4,81;
98,3,171;
16,4,21;
82,3,141;
83,4,116;
55,4,76;
76,4,106;
13,3,21;
100,4,140;
50,4,69;
71,3,124;
14,3,26;
90,4,126;
76,4,109;
58,3,99;
13,4,17;
52,3,89;
82,3,144;
42,4,61;
56,4,81;
1,3,0;
74,4,103;
68,3,119;
79,4,110;
93,3,160;
1,4,3;
11,3,18;
50,4,69;
27,3,45;
35,3,59;
22,3,37;
57,3,100;
78,3,134;
41,3,70;
69,3,121;
63,3,108;
4,3,5;
59,4,85;
38,3,67;
63,4,88;
24,3,43;
29,4,43;
9,3,14;
41,3,73;
68,4,98;
56,3,95;
66,3,113;
65,3,111;
54,3,95;
29,4,40;
59,3,104;
22,3,40;
23,3,41;
10,3,19;
12,4,15;
17,3,28;
70,4,97;
44,4,61;
20,4,27;
69,3,118;
42,4,58;
3,3,4;
37,3,63;
30,4,44;
11,3,21;
50,3,85;
13,4,17;
14,4,21;
55,3,94;
52,3,92;
12,4,18;
20,4,27;
36,4,49;
9,4,14;
25,3,42;
30,3,53;
74,3,130;
33,3,56;
25,3,42;
78,3,137;
91,4,130;
93,3,160;
75,4,108;
38,4,52;
88,3,154;
26,4,38;
91,3,156;
78,4,112;
54,3,92;
28,4,38;
52,3,89;
15,4,20;
2,4,4;
69,3,121;
53,3,90;
62,4,89;
83,4,119;
4,3,5;
86,3,147;
12,3,22;
82,3,144;
49,4,71;
83,4,116;
61,4,85;
97,4,139;
38,4,55;
77,3,135;
45,3,76;
1,4,3;
39,4,57;
90,3,157;
83,4,116;
49,3,83;
1,4,3;
68,4,95;
83,4,119;
54,4,78;
64,4,92;
5,3,10;
97,3,170;
85,3,149;
81,3,142;
65,3,111;
62,3,109;
93,3,160;
65,3,111;
25,3,42;
7,3,14;
18,4,24;
46,4,67;
7,4,8;
13,4,17;
26,3,47;
39,4,54;
31,4,45;
67,4,93;
35,4,48;
78,4,112;
98,3,168;
65,4,90;
80,3,137;
85,3,149;
66,3,113;
77,4,107;
74,4,106;
48,3,82;
22,4,30;
98,4,137;
92,3,161;
27,4,40;
77,3,135;
5,3,7;
58,4,81;
23,3,41;
97,4,139;
68,3,116;
30,4,44;
68,3,119;
91,3,159;
99,3,170;
57,3,97;
25,4,37;
69,4,96;
3,3,4;
56,3,95;
64,3,109;
37,4,54;
94,3,164;
35,4,48;
11,3,21;
89,4,127;
11,4,14;
27,4,37;
23,4,31;
60,3,102;
74,4,106;
63,3,111;
57,4,82;
3,4,3;
99,3,170;
62,4,86;
52,4,72;
76,3,133;
88,3,154;
94,3,164;
91,3,159;
8,4,13;
74,4,103;
94,4,134;
87,4,125;
21,3,38;
68,4,98;
80,3,137;
28,3,50;
11,4,14;
55,4,76;
43,3,73;
72,3,126;
94,3,161;
70,3,120;
35,4,48;
32,3,54;
46,3,78;
84,4,120;
58,3,102;
30,4,41;
95,4,133;
49,4,71;
73,4,105;
54,3,95;
33,4,45;
31,3,55;
31,3,52;
83,3,142;
98,3,171;
5,3,7;
67,3,118;
37,3,63;
13,3,21;
41,3,70;
73,3,125;
79,4,110;
76,3,130;
54,4,78;
65,4,90;
33,3,59;
96,4,134;
24,3,40;
48,3,82;
31,3,52;
64,3,112;
89,3,153;
86,3,150;
100,3,175;
26,4,38;
43,4,62;
92,4,129;
61,3,104;
86,4,123;
40,3,71;
66,4,95;
81,3,142;
64,3,109;
11,3,18;
77,3,135;
48,3,82;
48,4,66;
74,3,130;
72,3,126;
28,3,50;
13,4,20;
54,4,78;
78,4,112;
56,3,98;
59,4,82;
4,3,5;
54,3,92;
32,4,47;
31,3,52;
70,3,120;
64,4,92;
43,4,62;
43,3,73;
56,4,81;
51,4,71;
28,3,47;
7,4,11;
98,3,168;
10,4,13;
66,4,92;
77,3,135;
37,3,66;
25,3,42;
32,4,47;
87,4,122;
98,4,137;
97,3,167;
49,4,71;
68,3,116;
6,4,7;
49,3,86;
20,4,27;
17,4,23;
86,3,150;
77,4,110;
58,3,99;
98,4,140;
53,4,76;
66,3,113;
96,3,168;
80,3,137;
63,4,91;
63,4,88;
8,3,12;
1,4,0;
79,3,138;
35,4,48;
86,4,123;
20,3,36;
81,3,139;
17,4,23;
74,3,130;
15,4,23;
23,4,34;
58,3,99;
33,3,56;
18,4,24;
58,4,81;
71,4,99;
64,3,109;
76,4,109;
69,3,118;
21,4,28;
19,3,34;
95,4,133;
13,3,24;
88,3,154;
51,3,87;
96,4,134;
88,4,123;
73,3,128;
7,4,8;
30,3,53;
74,4,103;
54,3,95;
97,3,167;
44,3,75;
92,4,129;
42,4,58;
47,3,83;
99,3,170;
93,3,163;
89,3,156;
2,4,1;
21,3,35;
20,4,30;
44,4,61;
12,4,15;
46,3,81;
14,4,18;
95,3,163;
66,3,113;
2,4,1;
12,4,15;
85,4,122;
27,4,40;
83,4,116;
55,3,97;
36,4,52;
80,4,112;
37,4,54;
42,3,71;
23,4,34;
95,3,163;
12,3,22;
23,4,34;
68,3,119;
15,3,27;
97,3,170;
44,4,64;
92,4,132;
87,3,152;
51,3,87;
77,3,135;
23,3,41;
91,3,156;
84,4,120;
87,4,125;
57,3,100;
82,3,144;
21,4,31;
51,3,87;
23,4,34;
58,4,84;
68,4,95;
94,3,161;
37,3,63;
8,4,13;
30,3,50;
87,3,152;
91,4,130;
68,4,95;
92,3,158;
10,4,13;
16,3,26;
75,3,131;
13,3,24;
100,3,172;
70,3,123;
9,3,17;
87,4,125;
4,4,7;
87,3,149;
91,3,156;
60,3,105;
81,3,142;
74,3,127;
90,4,126;
23,4,31;
60,3,102;
6,3,9;
86,4,120;
21,3,38;
41,4,59;
86,3,147;
11,4,17;
100,3,175;
85,3,146;
13,4,20;
32,4,44;
78,4,109;
93,3,163;
70,3,120;
9,3,14;
76,4,106;
67,4,96;
4,4,7;
8,4,13;
22,3,37;
84,3,147;
68,3,116;
83,3,142;
18,4,24;
42,3,71;
13,4,20;
40,3,68;
2,3,5;
12,4,18;
26,4,38;
94,4,131;
73,4,102;
80,3,137;
52,4,75;
5,4,6;
16,3,29;
86,4,120;
80,4,112;
47,3,80;
33,3,56;
59,4,82;
95,4,133;
73,3,128;
64,4,89;
59,4,85;
32,3,54;
83,4,116;
2,4,1;
99,4,142;
53,4,76;
75,3,131;
9,4,14;
76,3,130;
90,3,157;
14,4,21;
19,4,28;
97,4,139;
30,4,44;
97,4,139;
21,3,35;
33,3,56;
53,3,93;
66,4,92;
78,4,109;
72,4,100;
74,4,103;
11,3,18;
96,4,134;
19,3,31;
25,4,37;
20,3,36;
15,3,24;
49,3,83;
78,3,134;
99,4,139;
98,4,140;
9,4,11;
1,4,3;
19,3,34;
33,4,48;
89,3,156;
60,3,105;
76,3,130;
29,3,49;
85,3,149;
22,3,40;
52,3,89;
41,4,59;
66,4,95;
97,3,170;
61,3,104;
90,3,157;
34,3,57;
59,4,85;
22,3,40;
43,4,59;
89,4,127;
27,3,45;
58,3,99;
49,3,86;
56,3,95;
14,4,18;
1,3,0;
16,3,26;
77,4,107;
86,4,120;
93,3,163;
68,3,119;
83,4,119;
14,3,26;
86,3,150;
22,3,37;
42,3,74;
87,3,152;
33,3,59;
81,3,139;
15,4,23;
90,3,154;
35,4,48;
61,4,85;
76,3,133;
3,4,3;
15,3,27;
56,4,78;
26,3,47;
83,4,119;
92,3,161;
47,4,68;
14,4,18;
73,3,125;
74,3,127;
77,4,107;
59,4,85;
6,3,12;
97,4,136;
17,3,28;
92,4,129;
36,4,49;
50,3,85;
3,4,6;
75,3,128;
77,4,110;
37,4,51;
25,4,37;
93,3,163;
91,3,156;
32,3,54;
79,3,135;
63,3,108;
45,3,79;
68,4,98;
10,3,16;
27,3,48;
66,4,95;
57,3,97;
47,3,80;
96,4,137;
48,4,66;
100,4,140;
33,4,45;
52,3,92;
12,3,19;
66,4,92;
11,4,14;
64,3,109;
19,3,31;
9,3,17;
29,4,43;
4,4,7;
49,4,71;
63,3,111;
33,3,56;
93,4,133;
59,3,104;
28,4,38;
50,4,69;
75,3,128;
48,4,66;
50,4,72;
55,3,97;
84,3,147;
21,4,31;
23,4,34;
30,4,44;
5,4,9;
36,3,64;
72,4,103;
82,3,141;
63,3,108;
10,4,16;
46,4,64;
71,3,124;
87,4,122;
26,3,47;
53,4,76;
95,4,136;
63,4,91;
78,3,137;
4,4,4;
46,3,81;
1,3,0;
60,3,105;
43,4,59;
73,4,105;
28,4,41;
84,3,147;
73,3,128;
95,4,133;
71,4,102;
82,4,114;
19,4,25;
4,3,8;
4,3,8;
68,4,95;
1,3,0;
28,4,38;
29,3,52;
15,4,23;
61,4,85;
80,4,115;
34,3,57;
1,4,0;
45,3,76;
12,3,22;
68,3,116;
65,3,114;
5,4,6;
18,3,33;
1,3,0;
60,4,86;
50,3,88;
47,3,83;
41,4,59;
57,3,100;
18,3,30;
37,3,66;
73,4,105;
8,3,12;
97,3,167;
21,3,38;
40,3,71;
1,4,0;
33,4,45;
28,4,41;
23,4,34;
93,4,133;
8,3,15;
1,4,0;
9,3,14;
57,3,100;
81,3,142;
86,4,123;
46,4,67;
83,4,119;
98,3,171;
19,4,28;
89,3,153;
73,3,128;
94,3,164;
34,4,50;
9,3,14;
53,4,73;
95,3,166;
59,3,104;
81,4,116;
32,4,47;
76,3,133;
22,4,30;
4,3,5;
63,3,111;
3,4,3;
36,3,64;
53,3,90;
69,4,99;
97,3,170;
32,4,47;
78,4,109;
56,3,95;
62,3,106;
28,3,47;
96,3,168;
51,3,90;
59,3,101;
33,4,48;
43,4,59;
10,4,16;
88,3,154;
21,3,35;
45,3,76;
23,4,34;
19,4,25;
61,4,88;
3,4,3;
23,4,34;
38,3,64;
77,4,110;
36,3,64;
70,4,97;
23,4,34;
14,3,23;
80,3,140;
65,4,93;
63,4,91;
74,3,127;
66,4,95;
70,4,97;
48,3,82;
6,3,9;
24,3,40;
19,4,28;
46,4,67;
64,3,109;
76,3,133;
30,3,50;
15,3,27;
86,3,147;
79,4,113;
8,4,10;
77,3,132;
50,3,85;
69,4,99;
39,3,69;
39,3,69;
62,3,109;
8,3,12;
1,4,3;
77,3,132;
9,3,17;
4,4,7;
2,3,5;
88,4,123;
69,3,121;
89,4,124;
28,3,47;
55,3,97;
84,4,120;
84,3,147;
24,4,32;
20,3,33;
60,3,102;
95,4,136;
54,3,95;
78,4,109;
86,4,123;
92,3,161;
43,4,62;
25,3,42;
76,3,133;
86,3,150;
30,4,41;
65,3,114;
43,3,76;
89,3,156;
92,3,161;
91,4,130;
68,4,95;
12,3,22;
84,3,144;
53,3,93;
3,3,7;
16,3,26;
57,4,82;
76,4,109;
82,3,144;
80,4,112;
77,3,135;
50,3,85;
29,3,52;
95,4,136;
26,4,35;
91,3,156;
33,3,56;
72,4,100;
79,4,113;
9,4,11;
54,3,95;
1,3,3;
100,3,172;
79,3,135;
19,3,31;
91,3,156;
4,4,4;
20,4,27;
58,4,84;
43,4,62;
48,3,82;
49,4,71;
93,4,133;
78,3,137;
85,3,146;
27,4,37;
37,4,51;
26,3,44;
55,3,97;
45,4,65;
85,4,122;
23,4,31;
45,4,65;
64,3,109;
45,3,76;
37,4,54;
68,4,98;
80,4,115;
86,4,123;
47,3,83;
20,3,33;
44,4,64;
50,3,85;
23,3,38;
51,4,71;
16,4,21;
43,4,59;
66,4,95;
18,3,30;
1,4,3;
52,3,92;
14,4,18;
43,4,62;
64,3,112;
70,4,97;
71,3,124;
92,3,161;
36,3,61;
8,4,13;
72,4,100;
85,4,122;
14,3,26;
8,4,10;
41,3,73;
49,4,68;
28,3,47;
63,3,108;
18,4,27;
68,4,98;
98,4,140;
80,4,115;
44,4,61;
48,3,82;
65,4,90;
4,4,4;
62,4,86;
47,3,80;
38,4,52;
12,4,18;
57,3,97;
91,4,130;
39,3,69;
4,3,5;
92,4,132;
59,3,101;
85,4,119;
73,4,105;
69,3,121;
34,3,57;
99,4,142;
98,3,171;
20,3,33;
62,4,86;
94,4,131;
27,4,37;
17,4,23;
93,3,160;
84,4,120;
26,3,44;
4,4,7;
40,3,71;
87,4,125;
32,4,44;
33,3,59;
66,4,95;
47,3,80;
27,4,40;
52,4,75;
61,3,107;
69,3,121;
95,4,133;
73,4,102;
10,4,13;
11,4,17;
88,3,151;
2,3,2;
93,3,163;
63,4,88;
57,4,79;
69,4,96;
84,4,120;
72,3,123;
92,4,132;
95,3,163;
35,3,62;
22,3,40;
1,3,0;
100,4,140;
73,3,125;
70,4,100;
53,4,76;
82,3,144;
97,3,170;
40,3,71;
82,3,144;
78,3,134;
57,4,82;
56,3,98;
84,4,117;
31,4,42;
82,3,141;
60,4,86;
89,4,127;
11,4,14;
23,3,41;
73,3,125;
72,4,103;
23,3,38;
41,4,59;
47,4,65;
35,3,59;
16,3,26;
46,4,64;
47,4,68;
71,4,99;
77,3,135;
18,3,33;
10,4,16;
5,3,7;
99,3,170;
22,3,40;
47,4,68;
31,4,42;
61,3,107;
22,4,33;
27,3,48;
69,4,96;
68,4,95;
76,4,109;
15,3,27;
80,4,115;
12,3,22;
23,3,41;
52,4,75;
4,3,8;
73,4,102;
98,3,168;
42,3,71;
80,4,115;
67,3,115;
54,4,75;
5,4,9;
91,4,127;
58,4,84;
97,3,170;
39,3,69;
4,4,4;
73,3,128;
90,3,157;
50,3,88;
36,4,52;
20,4,27;
32,3,54;
4,4,4;
35,4,48;
81,4,116;
37,3,66;
41,4,59;
14,4,18;
62,4,86;
64,3,112;
29,4,43;
76,3,133;
87,3,149;
97,4,139;
61,3,104;
59,4,85;
5,4,9;
81,4,116;
85,4,119;
34,3,60;
32,4,44;
98,3,171;
27,3,48;
93,4,133;
26,3,47;
47,4,68;
21,3,35;
53,3,93;
90,3,154;
57,3,100;
4,4,4;
81,3,139;
82,4,114;
59,3,101;
23,3,41;
55,4,79;
28,4,38;
74,4,106;
79,4,113;
14,4,18;
93,4,133;
99,3,170;
99,4,139;
5,4,9;
12,4,15;
1,4,0;
64,3,112;
74,4,106;
19,4,28;
70,3,123;
79,4,113;
75,4,105;
92,4,129;
70,3,123;
75,3,128;
61,4,88;
97,4,136;
33,3,56;
65,4,93;
60,3,105;
54,4,75;
92,3,161;
37,4,54;
9,4,14;
26,3,47;
83,4,116;
82,3,141;
92,4,129;
39,3,66;
82,3,144;
21,3,38;
63,3,111;
69,3,121;
76,4,106;
54,3,95;
41,4,56;
94,4,134;
37,3,63;
91,3,156;
20,4,27;
80,4,112;
51,3,87;
64,4,89;
53,4,73;
9,3,17;
44,3,78;
54,4,78;
63,3,108;
27,3,45;
22,4,30;
73,4,102;
17,3,31;
99,4,139;
93,3,163;
77,3,132;
3,4,6;
88,4,126;
69,3,121;
41,4,56;
99,4,142;
24,3,43;
27,4,40;
87,4,122;
66,3,113;
86,3,150;
95,3,163;
60,3,102;
81,4,116;
28,3,50;
77,4,110;
3,4,3;
98,4,140;
54,3,92;
3,4,6;
64,3,112;
91,3,159;
34,3,57;
19,3,34;
47,3,83;
67,3,118;
83,4,116;
30,3,53;
57,3,97;
87,4,122;
87,3,152;
20,3,33;
22,3,40;
78,3,137;
49,3,86;
78,4,109;
26,3,44;
86,4,120;
21,3,38;
58,4,84;
13,4,20;
96,3,168;
94,4,134;
97,3,170;
56,4,81;
86,4,123;
84,4,117;
67,3,115;
86,4,120;
1,3,3;
53,4,73;
26,3,44;
26,4,35;
81,4,113;
99,3,170;
88,3,154;
39,3,69;
81,4,116;
58,4,81;
51,4,74;
45,3,79;
45,3,76;
60,4,86;
71,3,124;
28,3,47;
15,4,23;
12,3,19;
23,4,31;
30,4,41;
49,4,68;
11,3,18;
20,3,33;
96,4,137;
63,4,88;
75,3,131;
25,4,34;
61,4,85;
54,4,78;
63,3,111;
64,3,112;
91,4,130;
22,4,33;
87,4,122;
5,4,9;
48,3,85;
69,4,99;
90,4,129;
18,3,33;
42,3,71;
29,3,49;
60,3,102;
14,3,26;
39,3,66;
90,3,154;
6,3,12;
63,3,108;
44,4,64;
38,4,52;
52,3,89;
38,3,64;
49,3,83;
53,4,73;
76,4,109;
53,4,76;
86,4,123;
74,4,106;
1,3,3;
46,4,64;
42,4,58;
31,4,45;
94,4,131;
6,4,10;
95,4,136;
37,3,63;
16,4,21;
78,4,109;
41,4,56;
92,4,129;
51,3,90;
89,4,127;
30,3,53;
78,4,112;
23,3,38;
90,4,126;
21,4,28;
80,4,112;
97,4,139;
85,4,119;
38,4,52;
73,4,105;
8,3,12;
90,3,157;
100,3,175;
38,3,67;
14,4,18;
2,4,1;
8,4,10;
77,4,107;
53,3,90;
90,4,129;
64,4,92;
23,3,38;
18,4,24;
53,4,76;
65,4,90;
99,3,170;
85,3,146;
92,3,161;
64,4,89;
95,3,166;
87,4,125;
73,4,105;
48,3,82;
27,4,37;
15,3,24;
82,4,114;
38,3,67;
16,4,21;
28,3,50;
41,4,56;
59,4,82;
98,4,140;
95,4,133;
6,4,7;
70,4,97;
90,4,126;
94,3,161;
82,3,141;
86,4,120;
93,3,160;
19,3,34;
19,3,34;
46,4,64;
21,4,31;
48,3,82;
97,3,170;
55,3,97;
76,4,109;
34,4,50;
13,4,17;
65,4,93;
83,3,145;
47,3,80;
89,4,124;
22,4,33;
97,4,136;
79,3,138;
59,3,101;
9,3,17;
55,4,79;
97,4,136;
94,3,164;
75,4,105;
60,3,102;
57,4,82;
34,4,47;
84,4,117;
40,3,71;
70,3,123;
41,4,59;
85,3,146;
99,4,139;
57,3,97;
11,3,21;
81,4,116;
32,3,57;
13,4,20;
85,4,119;
49,3,83;
82,4,114;
19,3,34;
2,4,4;
28,4,38;
84,4,117;
59,3,101;
74,3,127;
84,3,144;
94,3,164;
54,4,78;
19,3,34;
12,3,22;
67,3,115;
79,4,110;
82,3,141;
98,3,171;
64,4,92;
35,4,51;
85,4,119;
45,4,62;
92,3,161;
37,4,54;
40,3,71;
23,3,38;
25,4,34;
72,4,100;
62,3,109;
1,4,0;
22,4,30;
37,4,51;
19,4,28;
83,4,119;
69,3,118;
35,4,51;
99,4,139;
19,3,34;
18,4,27;
50,4,72;
8,3,12;
1,4,0;
35,3,62;
22,3,40;
15,4,23;
50,3,88;
41,4,59;
44,3,78;
40,3,71;
96,4,137;
84,3,147;
36,3,61;
74,4,103;
69,3,118;
11,4,14;
65,3,111;
70,4,100;
40,3,68;
94,4,134;
10,4,13;
52,3,89;
32,4,47;
31,3,55;
14,4,18;
26,3,44;
82,3,141;
12,3,22;
7,4,8;
6,4,10;
84,4,120;
7,3,14;
21,3,35;
73,4,105;
3,3,4;
100,3,175;
75,4,105;
28,3,50;
64,3,112;
12,4,15;
32,3,57;
76,4,109;
57,3,100;
28,3,50;
68,4,98;
89,4,127;
75,3,131;
61,4,88;
23,3,41;
80,3,137;
23,4,34;
47,4,68;
43,4,62;
89,4,127;
79,3,138;
83,3,145;
77,3,132;
44,4,61;
46,3,81;
65,4,90;
6,4,7;
47,4,65;
83,4,119;
2,4,4;
56,4,81;
19,4,25;
21,4,28;
29,4,43;
77,4,110;
35,4,48;
57,4,82;
94,4,131;
87,4,122;
15,3,27;
33,3,59;
10,3,16;
75,4,105;
14,4,21;
98,3,171;
95,4,133;
23,3,38;
100,3,175;
6,4,10;
97,3,167;
41,4,59;
56,3,98;
39,3,66;
23,4,31;
82,4,114;
61,3,107;
94,3,161;
16,4,21;
20,4,27;
63,3,111;
49,3,86;
38,4,52;
76,3,130;
47,4,68;
38,3,64;
45,4,65;
34,3,60;
95,4,136;
90,3,157;
86,3,150;
98,4,140;
62,4,86;
81,4,113;
96,4,137;
27,4,37;
58,3,102;
65,4,90;
29,3,49;
64,4,92;
55,4,76;
24,3,43;
19,3,31;
40,4,58;
7,3,11;
31,4,42;
9,4,14;
4,4,4;
23,3,41;
47,4,68;
6,3,9;
8,3,12;
23,4,34;
51,4,71;
56,4,81;
65,3,114;
43,3,73;
100,4,140;
18,4,24;
1,3,0;
45,4,65;
34,4,47;
7,4,11;
77,3,132;
64,4,92;
59,4,82;
46,3,81;
50,4,69;
57,4,82;
35,3,62;
83,4,116;
28,4,41;
17,3,31;
25,4,37;
74,4,103;
25,4,34;
27,4,40;
1,3,0;
4,3,5;
12,4,15;
34,3,57;
63,3,108;
97,4,136;
22,4,33;
31,3,55;
7,3,14;
80,3,137;
50,4,72;
72,3,126;
28,4,38;
71,3,124;
56,3,98;
48,4,66;
6,4,10;
43,3,76;
78,3,137;
43,3,73;
30,3,50;
59,3,104;
80,4,112;
17,3,28;
42,3,71;
81,3,139;
16,3,26;
66,4,92;
70,3,120;
14,3,26;
36,3,61;
94,3,161;
100,4,143;
22,3,37;
61,3,104;
90,4,126;
81,4,116;
2,4,1;
53,3,93;
42,4,58;
61,4,85;
100,4,140;
85,4,119;
63,3,111;
24,4,32;
47,4,65;
45,4,65;
52,3,89;
18,4,27;
89,4,127;
16,4,24;
30,3,50;
22,3,37;
77,3,132;
42,4,61;
17,3,31;
47,3,80;
75,4,108;
71,3,121;
2,3,5;
25,3,42;
35,3,59;
71,3,124;
91,3,156;
77,3,135;
55,4,76;
79,3,138;
25,4,37;
18,3,33;
98,4,140;
69,4,96;
61,4,88;
45,3,76;
96,4,137;
100,4,143;
16,4,21;
37,3,63;
19,4,28;
92,4,132;
72,4,103;
60,3,105;
82,3,141;
66,3,116;
63,3,111;
44,3,78;
72,4,100;
56,4,81;
32,3,57;
53,3,90;
98,4,137;
59,4,82;
66,4,92;
49,4,71;
76,3,133;
15,4,23;
96,3,165;
26,3,44;
66,4,95;
63,3,111;
93,3,163;
8,4,13;
64,3,109;
13,3,24;
83,3,142;
52,3,92;
61,4,85;
39,4,57;
58,4,81;
77,3,132;
76,4,106;
61,3,107;
65,4,90;
36,4,49;
68,4,95;
94,4,131;
69,4,99;
62,3,109;
26,3,47;
95,4,133;
99,4,139;
81,3,139;
39,4,57;
18,4,27;
72,3,123;
18,4,27;
80,4,112;
52,3,89;
23,4,34;
98,3,171;
18,3,33;
85,3,146;
57,4,82;
23,3,38;
31,3,52;
22,3,37;
45,4,62;
99,4,142;
68,4,98;
35,4,51;
73,3,125;
64,4,92;
97,3,167;
1,4,0;
28,4,38;
9,3,14;
51,4,74;
25,3,45;
21,3,35;
31,4,45;
86,4,123;
24,3,43;
32,3,57;
10,4,13;
89,3,156;
99,3,173;
79,4,110;
24,3,40;
100,4,140;
63,4,91;
63,4,91;
99,4,139;
55,3,97;
95,3,166;
4,4,4;
20,4,30;
78,3,137;
96,3,168;
63,4,88;
73,3,125;
27,3,48;
71,3,121;
35,4,51;
11,3,18;
53,4,76;
75,4,105;
81,3,142;
79,3,135;
34,3,57;
12,3,19;
100,4,143;
6,4,7;
29,3,49;
17,4,26;
81,3,139;
80,4,112;
76,4,109;
96,3,165;
90,3,154;
3,4,6;
45,4,65;
76,4,109;
89,4,127;
75,3,131;
49,4,71;
67,4,93;
44,3,75;
47,3,80;
11,3,21;
35,4,51;
23,3,41;
14,4,21;
91,4,127;
16,4,24;
51,4,71;
56,3,98;
50,3,88;
68,4,98;
56,4,78;
9,4,11;
73,3,125;
99,3,170;
93,3,160;
34,4,50;
61,4,85;
29,4,43;
4,3,5;
61,4,85;
68,4,95;
11,4,14;
74,4,103;
49,3,83;
64,3,112;
25,4,34;
38,3,64;
58,3,102;
22,3,40;
54,3,95;
52,3,92;
41,4,59;
52,4,75;
16,4,21;
54,4,75;
26,4,38;
84,3,144;
45,4,62;
44,4,64;
37,3,66;
74,3,127;
30,4,44;
67,3,115;
54,3,95;
36,4,49;
56,4,81;
46,4,67;
59,4,82;
19,3,31;
3,4,6;
50,3,85;
47,4,68;
17,3,31;
55,3,97;
22,3,37;
10,3,19;
12,3,22;
54,3,92;
69,4,96;
50,4,72;
43,4,62;
3,3,4;
91,4,130;
17,4,23;
79,4,113;
21,3,35;
24,3,43;
88,4,126;
14,3,23;
100,3,172;
90,3,154;
28,3,47;
17,4,26;
46,3,81;
23,3,41;
27,3,45;
57,4,79;
11,4,17;
90,3,157;
16,4,21;
35,3,59;
52,3,89;
67,4,96;
42,4,58;
14,3,26;
80,4,112;
62,4,86;
26,3,44;
50,3,88;
12,3,19;
22,4,33;
18,3,33;
8,3,15;
76,4,106;
20,3,33;
60,3,105;
13,3,21;
79,4,113;
87,3,149;
83,3,145;
33,3,59;
23,3,38;
90,3,157;
62,4,86;
27,4,37;
99,3,170;
85,3,149;
92,4,129;
68,3,116;
27,3,48;
81,3,142;
20,4,30;
10,3,19;
42,4,58;
82,3,141;
96,3,165;
78,4,109;
21,3,35;
67,3,115;
87,4,125;
58,4,81;
67,4,93;
26,3,44;
20,3,36;
33,3,56;
82,3,144;
90,3,157;
78,4,109;
98,3,171;
57,3,97;
52,3,89;
20,3,36;
36,3,61;
92,4,132;
27,3,45;
94,4,131;
92,4,129;
6,3,9;
85,4,119;
22,3,37;
20,3,33;
40,4,55;
68,4,95;
14,4,21;
81,4,116;
47,3,80;
46,4,64;
74,4,106;
73,4,102;
60,3,105;
93,3,163;
48,3,85;
91,3,156;
32,4,44;
95,4,136;
36,3,61;
81,4,116;
23,3,41;
50,4,69;
86,3,150;
41,3,70;
56,4,81;
49,3,86;
2,3,5;
2,4,1;
96,4,137;
30,4,41;
28,3,50;
75,4,105;
83,3,142;
98,3,168;
67,3,118;
99,3,170;
8,4,13;
72,4,100;
68,4,95;
87,4,125;
16,4,21;
4,3,5;
81,3,142;
94,4,131;
2,3,2;
42,4,61;
60,3,105;
33,3,56;
27,3,48;
15,4,20;
77,3,135;
60,3,102;
91,3,156;
89,4,124;
6,4,10;
59,3,104;
32,4,44;
39,4,57;
26,4,38;
82,3,141;
31,4,42;
1,4,0;
91,4,130;
2,3,5;
48,4,66;
85,4,119;
28,3,50;
24,4,32;
65,4,90;
88,4,126;
14,4,21;
20,4,30;
83,4,116;
52,4,75;
54,3,92;
13,4,20;
78,4,109;
29,4,43;
71,3,121;
93,4,133;
2,4,4;
24,3,43;
89,3,153;
27,3,48;
10,3,19;
59,4,82;
9,4,11;
14,3,23;
43,4,62;
75,4,105;
69,3,121;
19,4,25;
21,4,31;
32,3,57;
42,4,61;
35,3,59;
11,4,17;
31,3,55;
32,4,44;
14,4,18;
87,3,149;
64,4,92;
54,3,92;
35,3,59;
12,3,22;
84,3,144;
56,4,78;
79,4,113;
12,3,19;
86,3,150;
71,4,99;
40,3,71;
85,3,149;
27,4,37;
52,3,89;
100,4,140;
55,3,97;
36,3,64;
37,4,51;
43,3,76;
6,3,9;
65,3,111;
89,3,153;
19,3,31;
66,4,92;
38,3,67;
62,4,89;
99,3,173;
46,3,81;
77,3,135;
61,3,107;
74,3,130;
25,3,45;
44,3,75;
77,3,135;
22,3,40;
48,3,82;
62,4,86;
1,3,0;
66,3,116;
84,3,147;
95,4,136;
70,4,97;
13,3,21;
76,3,133;
72,3,126;
90,4,129;
18,4,27;
56,3,98;
86,4,120;
76,3,130;
84,4,117;
78,4,109;
92,4,129;
24,4,32;
42,4,61;
39,4,54;
43,4,62;
62,4,86;
66,4,92;
97,4,139;
93,3,160;
72,4,103;
3,4,3;
17,3,28;
90,4,126;
18,4,24;
98,3,171;
29,3,52;
73,4,105;
15,4,23;
20,3,36;
57,4,79;
32,4,47;
5,4,6;
46,3,81;
25,4,37;
91,4,127;
47,3,83;
77,3,132;
72,3,123;
67,4,93;
97,4,136;
2,3,2;
96,4,137;
20,3,33;
9,3,14;
5,3,7;
19,3,34;
19,4,28;
33,4,45;
96,4,134;
24,4,32;
54,3,95;
75,3,131;
12,3,22;
81,4,113;
27,3,48;
96,4,134;
22,4,30;
18,4,27;
9,3,14;
95,4,133;
74,3,127;
63,4,88;
79,3,135;
10,3,19;
2,3,5;
89,3,156;
88,3,154;
20,4,27;
84,4,120;
6,4,10;
88,4,123;
37,4,54;
52,3,92;
46,3,78;
26,3,47;
36,3,64;
77,3,135;
40,4,58;
32,3,57;
66,4,92;
64,3,109;
72,4,100;
33,4,48;
16,3,26;
1,3,3;
58,4,84;
49,4,68;
31,3,55;
90,3,157;
96,3,168;
37,4,54;
94,4,131;
72,3,123;
53,4,73;
11,4,17;
23,4,31;
19,4,28;
5,4,6;
100,3,175;
19,3,34;
78,4,109;
77,4,110;
56,4,78;
38,4,55;
2,3,2;
68,3,116;
63,4,91;
46,3,78;
94,3,161;
56,4,81;
1,3,0;
15,4,20;
93,4,130;
32,4,47;
6,3,9;
20,4,27;
86,3,150;
77,3,135;
66,3,113;
29,4,43;
84,3,144;
10,3,16;
68,3,119;
79,3,135;
86,4,120;
77,4,110;
43,4,62;
48,3,82;
38,4,52;
57,4,82;
6,3,12;
36,4,49;
21,4,31;
56,3,95;
99,3,170;
25,4,37;
17,3,28;
64,4,89;
18,3,30;
51,3,90;
38,3,64;
80,3,140;
37,3,63;
31,4,45;
55,3,94;
13,3,21;
4,4,7;
71,3,124;
51,4,74;
43,4,62;
40,3,71;
28,3,47;
80,3,140;
47,3,83;
43,3,73;
49,3,83;
87,4,125;
66,4,95;
83,4,119;
77,4,107;
34,3,60;
73,3,125;
19,4,25;
82,4,117;
31,3,55;
90,3,154;
27,4,40;
78,3,137;
23,3,38;
67,3,115;
70,4,100;
3,4,6;
11,4,17;
50,4,69;
31,4,45;
60,4,86;
34,4,50;
17,3,28;
99,3,170;
19,3,31;
61,3,107;
19,4,25;
40,3,71;
30,3,53;
61,4,85;
50,4,69;
40,4,58;
35,3,59;
13,4,20;
62,4,86;
57,4,82;
77,3,132;
2,4,1;
44,4,64;
46,3,81;
83,3,145;
58,4,81;
87,3,152;
80,4,112;
31,3,55;
77,4,110;
86,3,147;
37,4,51;
93,4,130;
59,3,104;
32,3,54;
37,3,63;
79,4,113;
50,4,72;
35,3,59;
61,4,85;
34,3,57;
82,3,141;
28,3,47;
86,4,123;
72,3,123;
44,4,64;
90,3,157;
63,4,88;
72,4,100;
75,3,131;
26,4,38;
30,4,44;
2,3,5;
98,3,171;
26,4,38;
53,3,90;
30,3,50;
26,3,44;
31,4,42;
68,4,95;
30,3,53;
84,3,144;
24,3,40;
55,3,97;
9,4,14;
92,4,129;
35,3,62;
59,4,85;
40,3,71;
1,4,3;
61,4,85;
5,3,10;
41,4,56;
6,3,12;
42,3,74;
51,3,87;
94,4,134;
63,3,111;
67,4,96;
32,3,54;
73,4,105;
47,3,83;
60,3,102;
28,3,50;
73,4,102;
22,4,33;
65,4,93;
83,4,116;
22,4,33;
47,3,80;
49,4,71;
75,4,108;
94,3,164;
40,4,55;
55,3,94;
39,4,54;
3,3,4;
39,4,57;
76,4,106;
83,3,142;
7,4,11;
26,4,38;
98,3,168;
84,4,117;
88,3,154;
70,4,100;
73,3,128;
99,3,170;
46,4,67;
43,3,76;
90,3,154;
87,4,125;
50,4,72;
46,4,67;
8,4,13;
31,3,55;
58,3,99;
76,4,109;
89,3,156;
70,4,100;
1,4,0;
52,4,72;
54,3,92;
20,4,30;
55,4,79;
14,3,26;
79,3,135;
100,4,143;
84,4,117;
27,3,48;
10,3,16;
17,3,28;
94,4,134;
99,3,170;
51,4,71;
62,4,89;
2,4,4;
45,3,76;
12,4,15;
8,4,13;
17,4,23;
67,3,118;
50,3,88;
54,4,78;
99,3,173;
8,3,12;
6,3,12;
19,4,28;
10,3,19;
85,4,119;
18,3,33;
45,4,62;
48,4,66;
46,3,78;
2,4,4;
82,4,117;
28,3,50;
23,4,34;
90,3,157;
79,3,135;
53,3,90;
38,3,64;
46,3,81;
87,4,122;
18,4,24;
8,3,12;
70,4,100;
78,3,137;
93,3,160;
44,4,61;
49,4,68;
86,3,147;
52,3,89;
20,3,33;
13,4,20;
87,3,152;
36,3,64;
25,4,34;
24,3,43;
32,3,54;
52,3,92;
16,4,24;
38,4,55;
65,4,93;
66,4,92;
29,4,40;
57,3,97;
41,4,59;
3,4,6;
99,4,142;
38,3,64;
71,3,124;
94,3,161;
54,3,92;
77,4,110;
28,3,47;
37,4,51;
93,3,160;
52,3,89;
25,4,37;
31,3,55;
49,4,71;
37,3,66;
58,4,81;
14,4,21;
18,4,27;
48,3,82;
2,4,1;
8,4,10;
79,3,138;
42,4,61;
89,4,124;
3,3,7;
91,3,159;
76,4,106;
43,4,59;
83,4,116;
56,3,98;
50,3,85;
5,4,9;
91,4,130;
26,4,35;
84,4,120;
48,4,69;
95,3,166;
100,4,140;
7,4,11;
74,4,103;
12,4,15;
47,4,65;
32,4,47;
63,4,88;
90,3,154;
95,4,136;
92,4,129;
10,3,19;
53,3,90;
96,3,168;
15,4,20;
91,4,130;
74,3,130;
87,4,125;
50,3,88;
52,4,75;
19,4,28;
14,3,26;
67,4,93;
74,3,130;
90,4,126;
12,4,18;
71,4,102;
35,3,59;
68,3,119;
2,3,5;
62,3,106;
29,3,52;
70,4,97;
2,3,5;
4,3,8;
95,3,166;
18,4,24;
75,4,108;
41,3,70;
85,4,119;
42,4,61;
97,3,167;
53,4,76;
14,4,18;
49,3,86;
23,4,31;
79,3,138;
41,3,70;
45,3,76;
27,3,45;
95,4,133;
57,4,79;
72,4,100;
51,4,74;
19,3,34;
38,4,55;
37,3,66;
71,4,102;
72,4,103;
19,4,28;
74,3,127;
68,4,98;
93,4,133;
18,3,30;
32,3,54;
71,3,124;
29,4,43;
7,4,11;
39,4,54;
83,4,119;
77,4,107;
65,4,90;
64,3,109;
38,4,52;
6,3,12;
31,4,45;
42,4,61;
2,4,4;
64,3,109;
4,3,5;
79,4,113;
50,3,88;
68,4,98;
15,4,20;
96,4,137;
28,4,38;
3,4,6;
2,4,4;
79,4,113;
11,4,14;
81,3,142;
90,3,154;
28,3,47;
70,4,97;
26,4,35;
11,4,17;
83,4,119;
65,4,93;
11,3,21;
23,4,31;
35,4,48;
44,4,61;
48,3,85;
27,3,48;
94,3,161;
13,3,24;
90,3,154;
64,4,89;
42,4,61;
1,4,3;
67,4,93;
11,4,17;
6,3,12;
49,4,68;
68,3,116;
23,3,38;
77,4,107;
55,3,94;
100,3,175;
2,3,2;
87,3,152;
52,3,92;
60,4,83;
39,4,54;
21,4,31;
68,3,119;
29,4,40;
93,3,163;
80,4,115;
82,4,117;
77,4,110;
76,4,109;
73,3,125;
42,4,61;
71,4,99;
7,4,11;
100,4,143;
59,4,85;
72,4,100;
48,3,82;
23,3,38;
33,4,45;
16,3,26;
88,4,126;
74,4,103;
58,4,81;
91,4,130;
82,4,114;
91,4,127;
97,3,170;
95,4,136;
51,3,90;
17,4,26;
87,4,125;
12,4,15;
94,3,164;
26,4,35;
37,4,54;
70,4,97;
92,4,132;
73,3,128;
11,3,21;
36,4,49;
74,4,106;
10,4,16;
90,4,129;
44,4,61;
45,3,76;
98,4,137;
47,4,65;
86,4,120;
31,4,45;
49,4,71;
68,3,119;
21,4,28;
87,4,122;
17,4,26;
29,4,40;
14,3,26;
50,3,88;
2,3,5;
88,3,151;
90,3,154;
10,4,13;
49,4,71;
70,3,120;
19,3,34;
16,3,29;
10,3,19;
50,4,69;
25,4,37;
85,4,119;
20,4,27;
56,4,81;
65,3,111;
1,3,3;
7,4,8;
29,3,52;
5,3,10;
42,4,58;
40,3,68;
3,4,6;
83,3,142;
71,3,121;
57,4,82;
84,3,144;
63,3,108;
5,4,9;
83,4,119;
84,4,117;
9,4,11;
33,4,45;
87,4,125;
96,3,165;
63,3,111;
13,4,20;
90,4,126;
37,3,66;
55,4,76;
88,4,126;
76,4,109;
30,4,41;
37,4,51;
58,3,102;
2,4,1;
62,4,86;
80,3,140;
100,3,172;
45,4,62;
86,3,147;
58,4,81;
33,3,56;
32,3,57;
23,4,34;
21,3,35;
47,3,83;
80,3,140;
93,4,130;
66,3,116;
26,3,44;
72,4,100;
67,3,115;
47,4,65;
70,3,120;
33,3,59;
76,4,106;
35,4,48;
90,3,154;
88,4,126;
93,4,130;
16,3,26;
83,3,145;
4,3,5;
26,3,44;
64,4,89;
86,4,123;
55,4,76;
42,4,58;
55,4,76;
60,3,102;
9,3,14;
4,3,5;
61,3,104;
71,3,124;
32,3,54;
72,4,103;
23,4,34;
39,3,69;
48,4,69;
61,3,104;
79,4,113;
98,4,140;
62,3,109;
39,4,54;
46,3,81;
71,3,121;
89,4,127;
51,4,71;
29,4,43;
26,3,44;
10,4,13;
37,3,63;
51,3,87;
54,4,78;
40,4,58;
96,4,134;
60,4,83;
32,4,44;
13,3,21;
99,3,173;
30,3,50;
76,3,133;
90,3,157;
90,4,129;
93,4,133;
91,4,130;
99,4,142;
62,4,89;
15,4,20;
76,3,130;
21,4,31;
43,4,59;
63,4,91;
53,4,73;
62,4,89;
90,4,126;
73,3,128;
55,3,97;
73,3,125;
25,4,34;
99,4,139;
30,4,44;
10,4,13;
100,3,175;
97,3,170;
93,3,163;
24,4,35;
91,3,159;
47,3,83;
31,4,42;
4,4,4;
5,3,10;
99,4,139;
87,3,152;
25,4,34;
71,4,99;
8,4,10;
75,4,105;
13,3,24;
85,3,149;
18,3,30;
56,4,78;
44,4,61;
38,4,52;
95,4,133;
49,3,86;
7,3,11;
99,3,170;
90,4,129;
67,3,118;
79,3,135;
99,3,173;
12,3,19;
6,4,7;
62,4,89;
99,4,139;
92,4,129;
83,3,142;
94,3,161;
88,4,126;
53,4,73;
46,3,78;
20,4,27;
44,4,61;
53,4,76;
43,3,76;
5,4,9;
74,4,103;
5,3,7;
42,3,71;
45,3,79;
11,3,21;
66,3,113;
6,3,12;
96,4,134;
46,3,81;
59,4,85;
4,4,4;
17,4,23;
73,3,125;
45,4,65;
19,4,25;
95,3,163;
100,3,175;
43,3,73;
67,3,115;
100,3,172;
59,4,82;
68,4,95;
27,3,48;
49,4,68;
48,4,66;
93,4,130;
17,3,28;
30,4,41;
62,4,86;
63,4,88;
75,3,128;
98,4,137;
38,4,52;
71,4,99;
74,3,127;
45,4,62;
13,3,21;
77,3,132;
77,3,132;
81,3,142;
58,4,84;
74,3,127;
95,3,163;
5,4,6;
94,3,161;
41,4,59;
89,3,153;
46,4,67;
100,4,143;
74,4,103;
71,4,102;
77,3,132;
5,3,10;
65,4,90;
64,3,112;
76,3,133;
26,3,44;
17,4,26;
15,4,20;
68,3,119;
31,4,42;
18,3,33;
80,4,115;
79,3,138;
31,4,45;
23,4,34;
58,3,99;
52,3,92;
84,4,120;
58,4,81;
90,3,154;
2,3,5;
15,3,27;
20,4,30;
6,4,7;
18,3,33;
21,4,28;
73,3,125;
63,3,111;
46,4,64;
35,4,51;
31,4,45;
31,4,42;
39,4,57;
68,3,119;
47,3,83;
84,3,147;
97,4,136;
72,4,103;
77,3,135;
55,4,79;
95,3,163;
13,4,17;
2,4,1;
79,4,110;
95,4,133;
21,4,31;
74,3,130;
11,4,14;
85,4,122;
72,4,100;
35,4,48;
23,3,38;
55,4,76;
43,4,62;
14,4,18;
87,4,125;
56,3,95;
23,3,38;
47,3,80;
89,3,153;
86,3,150;
66,3,116;
45,4,65;
19,3,31;
62,4,86;
87,4,125;
31,3,52;
62,4,86;
68,4,98;
33,3,59;
7,4,8;
57,3,97;
47,4,65;
57,4,82;
80,3,140;
43,4,62;
26,4,35;
26,4,35;
33,3,56;
37,3,66;
95,3,163;
43,4,62;
76,4,109;
29,4,43;
48,3,85;
77,4,107;
8,4,10;
54,4,78;
4,3,8;
76,3,130;
39,3,69;
42,3,74;
11,3,18;
90,3,157;
77,4,107;
37,3,63;
75,4,105;
34,3,57;
83,4,119;
79,3,138;
92,3,161;
43,4,59;
100,3,172;
27,3,48;
55,3,94;
94,4,134;
98,3,168;
26,3,44;
90,4,129;
77,4,110;
25,3,42;
95,4,136;
76,4,106;
88,3,154;
72,4,103;
98,4,140;
16,3,26;
95,4,133;
29,4,40;
14,4,18;
51,4,71;
91,3,159;
48,3,85;
91,3,156;
5,3,10;
30,3,53;
78,4,109;
70,3,120;
58,4,81;
26,4,38;
68,3,116;
20,4,27;
27,3,48;
56,3,95;
93,3,160;
22,4,33;
42,4,58;
49,3,83;
61,4,88;
76,4,106;
84,4,120;
87,4,125;
63,4,91;
18,4,24;
5,4,9;
8,3,15;
2,3,2;
80,3,140;
21,4,28;
20,3,36;
51,4,71;
76,3,130;
24,3,40;
12,3,22;
99,3,170;
40,4,58;
22,3,40;
27,3,45;
33,4,45;
27,3,48;
33,3,56;
18,3,33;
24,4,32;
11,4,17;
34,4,47;
34,4,47;
74,4,103;
13,4,17;
51,3,87;
51,4,74;
93,4,133;
100,3,172;
82,3,141;
43,4,59;
62,3,109;
35,4,51;
21,4,28;
76,3,130;
28,4,38;
18,3,33;
76,3,130;
85,4,119;
30,4,44;
62,3,109;
4,4,4;
61,4,88;
40,4,55;
94,3,164;
44,3,78;
56,3,98;
71,4,99;
15,3,24;
29,3,49;
82,4,114;
74,4,106;
25,3,42;
20,3,33;
59,4,82;
11,3,18;
44,3,75;
43,3,76;
51,4,71;
84,4,117;
22,4,30;
94,4,134;
74,3,127;
97,4,139;
23,3,41;
90,3,157;
66,4,95;
1,4,3;
93,3,160;
96,3,168;
59,4,85;
57,4,82;
96,3,165;
39,3,66;
72,4,103;
56,3,98;
59,3,104;
3,4,3;
82,4,117;
40,3,71;
81,3,142;
3,4,3;
63,4,91;
71,3,121;
68,3,116;
21,4,31;
12,3,22;
93,3,163;
90,4,129;
99,3,170;
87,4,122;
99,4,139;
67,4,93;
46,3,78;
1,4,0;
33,4,45;
17,4,26;
10,4,13;
2,4,4;
35,3,59;
56,4,81;
62,4,86;
83,3,142;
11,4,14;
32,4,44;
64,3,109;
95,3,163;
32,3,54;
85,3,146;
1,3,0;
16,4,21;
26,4,38;
66,3,113;
30,3,53;
22,4,30;
31,3,55;
20,4,27;
94,4,134;
61,4,88;
76,4,109;
9,3,14;
1,4,0;
7,3,11;
17,4,26;
45,4,62;
56,3,95;
7,4,11;
68,4,95;
74,4,103;
98,4,140;
47,4,65;
97,4,136;
95,4,136;
87,3,152;
87,4,125;
42,3,74;
52,4,75;
6,3,12;
9,3,14;
14,3,26;
30,4,44;
10,3,19;
92,3,158;
37,3,66;
67,4,93;
27,3,48;
18,4,24;
18,4,27;
53,4,76;
40,3,71;
69,4,96;
37,4,51;
32,3,54;
32,3,54;
31,4,45;
24,3,43;
94,3,164;
23,4,31;
2,4,1;
81,4,116;
89,3,153;
64,4,89;
98,4,137;
14,4,21;
45,3,76;
73,4,102;
16,3,26;
72,3,126;
20,3,36;
99,4,142;
54,3,95;
5,3,7;
39,4,57;
65,3,111;
85,3,149;
58,4,81;
12,3,19;
31,3,55;
28,3,47;
56,3,98;
95,3,166;
19,4,25;
83,3,142;
86,3,150;
87,3,152;
92,3,158;
19,4,25;
76,4,106;
21,3,35;
93,4,133;
91,3,156;
23,3,38;
15,3,24;
44,3,75;
68,3,116;
3,4,6;
27,3,48;
42,3,74;
55,4,79;
88,3,154;
58,3,99;
15,4,20;
100,3,172;
74,4,103;
45,3,76;
32,4,44;
13,4,20;
73,4,105;
99,3,170;
40,3,71;
15,4,20;
84,4,120;
74,4,103;
45,3,76;
32,4,47;
8,4,10;
96,4,134;
54,3,95;
60,4,83;
23,3,38;
3,3,7;
32,4,44;
54,4,75;
1,4,0;
29,4,40;
97,3,167;
83,3,145;
87,4,122;
39,3,69;
89,4,124;
62,3,109;
86,3,147;
87,3,152;
8,4,10;
74,3,127;
58,4,81;
65,3,114;
12,3,19;
95,3,166;
50,3,88;
100,4,140;
86,3,147;
18,3,33;
71,3,124;
19,3,34;
16,3,26;
81,3,142;
45,3,76;
60,4,86;
12,3,19;
29,3,49;
98,3,171;
100,4,143;
57,4,79;
81,4,116;
3,4,3;
90,4,126;
67,3,115;
61,3,104;
75,3,128;
98,4,140;
1,4,3;
35,4,51;
47,4,68;
92,3,161;
55,3,97;
11,3,18;
46,4,64;
